2.727087872535441736e+24 0.000000000000000000e+00
2.816901798327689266e+24 0.000000000000000000e+00
2.630943212729330855e+24 0.000000000000000000e+00
2.543582404728674253e+24 0.000000000000000000e+00
2.507741524867970685e+24 0.000000000000000000e+00
2.420705459736159361e+24 0.000000000000000000e+00
2.445159332880337724e+24 0.000000000000000000e+00
2.392057480881466063e+24 0.000000000000000000e+00
2.341346141752563975e+24 0.000000000000000000e+00
2.236861188447068337e+24 0.000000000000000000e+00
2.162751935699223317e+24 0.000000000000000000e+00
2.123859002208334922e+24 0.000000000000000000e+00
2.075281351204279318e+24 0.000000000000000000e+00
2.058747196382321966e+24 0.000000000000000000e+00
2.025993952713291044e+24 0.000000000000000000e+00
1.948652345994934347e+24 0.000000000000000000e+00
1.941554015885315013e+24 0.000000000000000000e+00
1.871872289895810387e+24 0.000000000000000000e+00
1.879051844281524105e+24 0.000000000000000000e+00
1.814064862713294493e+24 0.000000000000000000e+00
1.787586222514299417e+24 0.000000000000000000e+00
1.711169631475385139e+24 0.000000000000000000e+00
1.702793223872212405e+24 0.000000000000000000e+00
1.723680145703783459e+24 0.000000000000000000e+00
1.516419766206768616e+24 0.000000000000000000e+00
1.473791272985183901e+24 0.000000000000000000e+00
1.434600782195195174e+24 0.000000000000000000e+00
1.411864432072172155e+24 0.000000000000000000e+00
1.415348916123384066e+24 0.000000000000000000e+00
1.397617100379037094e+24 0.000000000000000000e+00
1.312926306016038398e+24 0.000000000000000000e+00
1.274721777746149512e+24 0.000000000000000000e+00
1.255436210860295581e+24 0.000000000000000000e+00
1.209393661622937784e+24 0.000000000000000000e+00
1.186834576544878817e+24 0.000000000000000000e+00
1.163239531181061611e+24 0.000000000000000000e+00
1.151743415749762871e+24 0.000000000000000000e+00
1.128399237277534317e+24 0.000000000000000000e+00
1.088339309692221137e+24 0.000000000000000000e+00
1.072273940006823889e+24 0.000000000000000000e+00
1.056604036137502441e+24 0.000000000000000000e+00
1.021035969338666725e+24 0.000000000000000000e+00
1.055654868025596665e+24 0.000000000000000000e+00
1.006106807763519324e+24 0.000000000000000000e+00
1.013527867861052590e+24 0.000000000000000000e+00
9.906200106489221009e+23 0.000000000000000000e+00
9.532773090516887834e+23 0.000000000000000000e+00
9.357445253068199800e+23 0.000000000000000000e+00
8.982833994948336146e+23 0.000000000000000000e+00
8.895140822885828793e+23 0.000000000000000000e+00
8.801160526543055246e+23 0.000000000000000000e+00
8.416167857869402669e+23 0.000000000000000000e+00
8.220189278009619152e+23 0.000000000000000000e+00
8.103440094985724268e+23 0.000000000000000000e+00
8.012277057139454520e+23 0.000000000000000000e+00
7.703852323964799985e+23 0.000000000000000000e+00
7.536220332078197910e+23 0.000000000000000000e+00
7.299009280449508467e+23 0.000000000000000000e+00
7.080978943075040121e+23 0.000000000000000000e+00
6.889936610230539513e+23 0.000000000000000000e+00
6.812459669860363209e+23 0.000000000000000000e+00
6.627325739223124846e+23 0.000000000000000000e+00
6.489946885591894956e+23 0.000000000000000000e+00
6.294364432541668879e+23 0.000000000000000000e+00
6.073503313012665090e+23 0.000000000000000000e+00
5.936648767493591972e+23 0.000000000000000000e+00
5.792718446681073763e+23 0.000000000000000000e+00
5.772476923501026371e+23 0.000000000000000000e+00
5.771323329434270868e+23 0.000000000000000000e+00
5.438711419663554288e+23 0.000000000000000000e+00
5.317425563091620667e+23 0.000000000000000000e+00
5.142640502324339136e+23 0.000000000000000000e+00
5.028692426624190497e+23 0.000000000000000000e+00
4.926139991265324785e+23 0.000000000000000000e+00
4.791708090225279579e+23 0.000000000000000000e+00
4.695658806009451606e+23 0.000000000000000000e+00
4.601998044767376512e+23 0.000000000000000000e+00
4.478247006121431998e+23 0.000000000000000000e+00
4.442197305111411373e+23 0.000000000000000000e+00
4.375512519459759089e+23 0.000000000000000000e+00
4.253815295558968515e+23 0.000000000000000000e+00
4.201612683882689326e+23 0.000000000000000000e+00
4.110424896948542972e+23 0.000000000000000000e+00
4.059626200984050551e+23 0.000000000000000000e+00
3.875997955881956488e+23 0.000000000000000000e+00
3.837715289270363955e+23 0.000000000000000000e+00
3.696797765741367232e+23 0.000000000000000000e+00
3.682855328634541714e+23 0.000000000000000000e+00
3.661450370377970363e+23 0.000000000000000000e+00
3.611648320777402366e+23 0.000000000000000000e+00
3.369178033763061460e+23 0.000000000000000000e+00
3.299539202740228016e+23 0.000000000000000000e+00
3.246836100872979737e+23 0.000000000000000000e+00
3.095140434742840572e+23 0.000000000000000000e+00
3.051639559613146496e+23 0.000000000000000000e+00
2.984162942170080425e+23 0.000000000000000000e+00
2.950803251039667361e+23 0.000000000000000000e+00
2.865780656513225809e+23 0.000000000000000000e+00
2.826521050871952793e+23 0.000000000000000000e+00
2.768654635248030874e+23 0.000000000000000000e+00
2.664556263910321705e+23 0.000000000000000000e+00
2.591199762495042780e+23 0.000000000000000000e+00
2.590246511131993991e+23 0.000000000000000000e+00
2.470041967200755285e+23 0.000000000000000000e+00
2.405178334317117104e+23 0.000000000000000000e+00
2.379604049500849444e+23 0.000000000000000000e+00
2.324588427189961684e+23 0.000000000000000000e+00
2.250638600711547052e+23 0.000000000000000000e+00
2.314586057780699605e+23 0.000000000000000000e+00
2.145735714912793086e+23 0.000000000000000000e+00
2.095879959804913658e+23 0.000000000000000000e+00
2.028776048649176592e+23 0.000000000000000000e+00
2.003275310731699778e+23 0.000000000000000000e+00
1.956958877206250122e+23 0.000000000000000000e+00
1.881428715823790041e+23 0.000000000000000000e+00
1.841151262132185743e+23 0.000000000000000000e+00
1.804776080587987857e+23 0.000000000000000000e+00
1.743441371626015671e+23 0.000000000000000000e+00
1.718294672455704290e+23 0.000000000000000000e+00
1.667261996705530501e+23 0.000000000000000000e+00
1.638298281753474970e+23 0.000000000000000000e+00
1.657436162771181350e+23 0.000000000000000000e+00
1.580582176125326385e+23 0.000000000000000000e+00
1.533858432832944210e+23 0.000000000000000000e+00
1.508141011805045732e+23 0.000000000000000000e+00
1.487036793054261705e+23 0.000000000000000000e+00
1.453373999031359981e+23 0.000000000000000000e+00
1.433317185466802079e+23 0.000000000000000000e+00
1.383160328410390111e+23 0.000000000000000000e+00
1.365953471560577460e+23 0.000000000000000000e+00
1.345628525476768834e+23 0.000000000000000000e+00
1.367094864686129967e+23 0.000000000000000000e+00
1.265216910457466016e+23 0.000000000000000000e+00
1.220602319235681448e+23 0.000000000000000000e+00
1.189945671313605567e+23 0.000000000000000000e+00
1.170051254955802372e+23 0.000000000000000000e+00
1.147465024515171292e+23 0.000000000000000000e+00
1.135933931483423656e+23 0.000000000000000000e+00
1.101670670075132746e+23 0.000000000000000000e+00
1.059349162049697523e+23 0.000000000000000000e+00
1.046754951097162232e+23 0.000000000000000000e+00
1.022253360704618884e+23 0.000000000000000000e+00
9.838709304801235671e+22 0.000000000000000000e+00
9.601081343741513433e+22 0.000000000000000000e+00
9.359027149437159447e+22 0.000000000000000000e+00
9.232152192728855845e+22 0.000000000000000000e+00
8.859899553600517230e+22 0.000000000000000000e+00
8.669256245525824825e+22 0.000000000000000000e+00
8.483648973873477373e+22 0.000000000000000000e+00
8.371884023280323841e+22 0.000000000000000000e+00
8.255339458937363628e+22 0.000000000000000000e+00
8.136280923791443991e+22 0.000000000000000000e+00
8.163523750836899833e+22 0.000000000000000000e+00
7.584732959888052847e+22 0.000000000000000000e+00
7.348200813293612302e+22 0.000000000000000000e+00
7.311907013043464385e+22 0.000000000000000000e+00
7.094752844917216641e+22 0.000000000000000000e+00
6.856031547057064274e+22 0.000000000000000000e+00
6.757477830874802998e+22 0.000000000000000000e+00
6.669136645795671022e+22 0.000000000000000000e+00
6.424503622534937392e+22 0.000000000000000000e+00
6.299197782897864370e+22 0.000000000000000000e+00
6.208952104866871561e+22 0.000000000000000000e+00
6.100367335831753458e+22 0.000000000000000000e+00
5.754446471704350818e+22 0.000000000000000000e+00
5.604598443639301158e+22 0.000000000000000000e+00
5.589708635880412729e+22 0.000000000000000000e+00
5.412038071604037550e+22 0.000000000000000000e+00
5.173561734454866189e+22 0.000000000000000000e+00
5.089627562282361815e+22 0.000000000000000000e+00
4.984015707331166103e+22 0.000000000000000000e+00
4.800520623309352600e+22 0.000000000000000000e+00
4.715696555835630866e+22 0.000000000000000000e+00
4.571023750401035652e+22 0.000000000000000000e+00
4.573333768583118638e+22 0.000000000000000000e+00
4.500487262812836672e+22 0.000000000000000000e+00
4.367822927557315002e+22 0.000000000000000000e+00
4.204219875366361104e+22 0.000000000000000000e+00
4.103186515641983251e+22 0.000000000000000000e+00
4.003746258548270773e+22 0.000000000000000000e+00
3.914878070971318875e+22 0.000000000000000000e+00
3.859421255820552176e+22 0.000000000000000000e+00
3.760836770666420738e+22 0.000000000000000000e+00
3.629897120720966438e+22 0.000000000000000000e+00
3.525184162976677600e+22 0.000000000000000000e+00
3.515723633430194710e+22 0.000000000000000000e+00
3.414994402676296594e+22 0.000000000000000000e+00
3.341205354309385978e+22 0.000000000000000000e+00
3.255761877609871940e+22 0.000000000000000000e+00
3.160006015572016261e+22 0.000000000000000000e+00
3.101951997379373276e+22 0.000000000000000000e+00
3.021010924694162689e+22 0.000000000000000000e+00
3.003638354738135905e+22 0.000000000000000000e+00
2.909748498600790956e+22 0.000000000000000000e+00
2.848009193697368552e+22 0.000000000000000000e+00
2.720419165957635912e+22 0.000000000000000000e+00
2.680437313284124076e+22 0.000000000000000000e+00
2.661665586571111511e+22 0.000000000000000000e+00
2.557097954818262879e+22 0.000000000000000000e+00
2.477135609972337410e+22 0.000000000000000000e+00
2.449748971367288327e+22 0.000000000000000000e+00
2.393196476878943997e+22 0.000000000000000000e+00
2.311008087668590798e+22 0.000000000000000000e+00
2.207616226464153941e+22 0.000000000000000000e+00
2.189545796849318337e+22 0.000000000000000000e+00
2.142676691858558131e+22 0.000000000000000000e+00
2.051532452759592763e+22 0.000000000000000000e+00
2.081860779987684242e+22 0.000000000000000000e+00
1.979087532395435183e+22 0.000000000000000000e+00
1.910104582121588785e+22 0.000000000000000000e+00
1.865624862505425699e+22 0.000000000000000000e+00
1.857039345262974835e+22 0.000000000000000000e+00
1.763448006274246194e+22 0.000000000000000000e+00
1.756963038620791131e+22 0.000000000000000000e+00
1.712749743823964760e+22 0.000000000000000000e+00
1.638677709205076653e+22 0.000000000000000000e+00
1.600097828780497699e+22 0.000000000000000000e+00
1.542484370707947769e+22 0.000000000000000000e+00
1.503881445561368524e+22 0.000000000000000000e+00
1.462903621241809981e+22 0.000000000000000000e+00
1.451178110343363900e+22 0.000000000000000000e+00
1.398504430907466711e+22 0.000000000000000000e+00
1.357703718383763272e+22 0.000000000000000000e+00
1.328825556082775556e+22 0.000000000000000000e+00
1.294910486895027395e+22 0.000000000000000000e+00
1.252301858006572728e+22 0.000000000000000000e+00
1.228679659290383247e+22 0.000000000000000000e+00
1.228808938588233689e+22 0.000000000000000000e+00
1.164781596415179201e+22 0.000000000000000000e+00
1.130884034624731113e+22 0.000000000000000000e+00
1.099026348619731252e+22 0.000000000000000000e+00
1.059984581292749069e+22 0.000000000000000000e+00
1.038344888487107573e+22 0.000000000000000000e+00
1.037315040238433521e+22 0.000000000000000000e+00
1.005270558218916148e+22 0.000000000000000000e+00
9.623014717692816916e+21 0.000000000000000000e+00
9.565335353570613002e+21 0.000000000000000000e+00
9.330610518477605175e+21 0.000000000000000000e+00
9.100242239759817114e+21 0.000000000000000000e+00
9.108062913311947096e+21 0.000000000000000000e+00
8.251820371643377648e+21 0.000000000000000000e+00
8.400590477674320757e+21 0.000000000000000000e+00
7.950731602138861928e+21 0.000000000000000000e+00
7.682195057310975394e+21 0.000000000000000000e+00
7.516198215249436869e+21 0.000000000000000000e+00
7.307764974629964218e+21 0.000000000000000000e+00
6.962761927749462393e+21 0.000000000000000000e+00
6.852997859097122439e+21 0.000000000000000000e+00
6.783805290914419573e+21 0.000000000000000000e+00
6.635395131992382112e+21 0.000000000000000000e+00
6.359598279563041309e+21 0.000000000000000000e+00
6.207414437198680818e+21 0.000000000000000000e+00
6.085165829904790454e+21 0.000000000000000000e+00
5.695896641549481542e+21 0.000000000000000000e+00
5.639061562334416732e+21 0.000000000000000000e+00
5.475297641432505909e+21 0.000000000000000000e+00
5.357872681884370076e+21 0.000000000000000000e+00
5.246499808623514878e+21 0.000000000000000000e+00
5.027394600990304895e+21 0.000000000000000000e+00
4.973669914635016339e+21 0.000000000000000000e+00
4.768386903801674596e+21 0.000000000000000000e+00
4.633894643227109622e+21 0.000000000000000000e+00
4.511547580071324156e+21 0.000000000000000000e+00
4.336590066479740223e+21 0.000000000000000000e+00
4.256638550881660830e+21 0.000000000000000000e+00
4.129038072017813766e+21 0.000000000000000000e+00
3.973531659554731327e+21 0.000000000000000000e+00
3.865023631248312500e+21 0.000000000000000000e+00
3.827623799888335077e+21 0.000000000000000000e+00
3.683160970241454899e+21 0.000000000000000000e+00
3.530205713483306631e+21 0.000000000000000000e+00
3.468131120025971982e+21 0.000000000000000000e+00
3.358813584856931893e+21 0.000000000000000000e+00
3.252830182240037110e+21 0.000000000000000000e+00
3.190288608078334001e+21 0.000000000000000000e+00
3.077340256303358411e+21 0.000000000000000000e+00
3.000828906838425076e+21 0.000000000000000000e+00
2.906536346651305443e+21 0.000000000000000000e+00
2.851822689034098967e+21 0.000000000000000000e+00
2.844759481356048138e+21 0.000000000000000000e+00
2.723562760761313329e+21 0.000000000000000000e+00
2.659580102326053503e+21 0.000000000000000000e+00
2.558525239941263786e+21 0.000000000000000000e+00
2.502279022867574161e+21 0.000000000000000000e+00
2.431564412842968875e+21 0.000000000000000000e+00
2.326187244403339559e+21 0.000000000000000000e+00
2.316769836172911313e+21 0.000000000000000000e+00
2.129011090514148852e+21 0.000000000000000000e+00
2.086464117656468586e+21 0.000000000000000000e+00
2.081059386388207370e+21 0.000000000000000000e+00
1.970691018273800585e+21 0.000000000000000000e+00
1.880102316896429277e+21 0.000000000000000000e+00
1.818917891712358810e+21 0.000000000000000000e+00
1.760233021966433124e+21 0.000000000000000000e+00
1.713944536060247671e+21 0.000000000000000000e+00
1.640994875593171665e+21 0.000000000000000000e+00
1.606424135490460451e+21 0.000000000000000000e+00
1.542888999558690374e+21 0.000000000000000000e+00
1.533328693464050172e+21 0.000000000000000000e+00
1.458103740932231004e+21 0.000000000000000000e+00
1.445493327923436585e+21 0.000000000000000000e+00
1.381262349683941442e+21 0.000000000000000000e+00
1.396643635674479591e+21 0.000000000000000000e+00
1.285625871658987815e+21 0.000000000000000000e+00
1.255217426725771411e+21 0.000000000000000000e+00
1.212776949321559966e+21 0.000000000000000000e+00
1.173325530025142125e+21 0.000000000000000000e+00
1.135857278486205039e+21 0.000000000000000000e+00
1.105910144033019527e+21 0.000000000000000000e+00
1.071007816261464490e+21 0.000000000000000000e+00
1.024982059133466968e+21 0.000000000000000000e+00
1.009302346568031797e+21 0.000000000000000000e+00
9.644213718700528763e+20 0.000000000000000000e+00
9.554125356213821768e+20 0.000000000000000000e+00
9.392189079246481654e+20 0.000000000000000000e+00
8.744750903855526707e+20 0.000000000000000000e+00
8.444554431732956529e+20 0.000000000000000000e+00
8.372480598854826721e+20 0.000000000000000000e+00
7.921609235508268892e+20 0.000000000000000000e+00
7.694679799646635950e+20 0.000000000000000000e+00
7.414643106806561505e+20 0.000000000000000000e+00
7.097295726269312532e+20 0.000000000000000000e+00
6.921097553990504940e+20 0.000000000000000000e+00
6.642092560981060485e+20 0.000000000000000000e+00
6.450275637728840253e+20 0.000000000000000000e+00
6.245535076391471022e+20 0.000000000000000000e+00
6.051789856546783232e+20 0.000000000000000000e+00
5.977304346929300767e+20 0.000000000000000000e+00
5.669929377267047465e+20 0.000000000000000000e+00
5.411225765462170665e+20 0.000000000000000000e+00
5.162560506238910464e+20 0.000000000000000000e+00
5.075847352797724017e+20 0.000000000000000000e+00
4.872529538711215145e+20 0.000000000000000000e+00
4.699676194739968410e+20 0.000000000000000000e+00
4.571685805830033244e+20 0.000000000000000000e+00
4.423040877864651325e+20 0.000000000000000000e+00
4.274713768034896445e+20 0.000000000000000000e+00
4.107888087605728379e+20 0.000000000000000000e+00
3.939065415280782868e+20 0.000000000000000000e+00
3.780099030334214636e+20 0.000000000000000000e+00
3.663847577127623066e+20 0.000000000000000000e+00
3.587982296364318720e+20 0.000000000000000000e+00
3.379866771655393280e+20 0.000000000000000000e+00
3.261380141646907965e+20 0.000000000000000000e+00
3.172135329552382034e+20 0.000000000000000000e+00
3.014680138579626557e+20 0.000000000000000000e+00
2.987387259052830884e+20 0.000000000000000000e+00
2.841923735738428948e+20 0.000000000000000000e+00
2.679345103730478285e+20 0.000000000000000000e+00
2.628786523510276096e+20 0.000000000000000000e+00
2.529276432554716365e+20 0.000000000000000000e+00
2.462550110143173100e+20 0.000000000000000000e+00
2.364805207915546542e+20 0.000000000000000000e+00
2.307740972292385997e+20 0.000000000000000000e+00
2.222794343218469929e+20 0.000000000000000000e+00
2.131280429156376904e+20 0.000000000000000000e+00
2.023632321968223683e+20 0.000000000000000000e+00
1.950755692592376709e+20 0.000000000000000000e+00
1.875998818749279109e+20 0.000000000000000000e+00
1.834128213661598351e+20 0.000000000000000000e+00
1.749957736103024722e+20 0.000000000000000000e+00
1.716668802165696102e+20 0.000000000000000000e+00
1.618219087316390380e+20 0.000000000000000000e+00
1.558779170295642849e+20 0.000000000000000000e+00
1.517344762372812964e+20 0.000000000000000000e+00
1.451476323624724398e+20 0.000000000000000000e+00
1.369020605672615281e+20 0.000000000000000000e+00
1.336105886574967521e+20 0.000000000000000000e+00
1.310149380265859482e+20 0.000000000000000000e+00
1.245272057526159442e+20 0.000000000000000000e+00
1.200345570560766771e+20 0.000000000000000000e+00
1.147880848032523387e+20 0.000000000000000000e+00
1.112548969835019796e+20 0.000000000000000000e+00
1.060283054174245683e+20 0.000000000000000000e+00
1.031852569478243779e+20 0.000000000000000000e+00
9.953611064228456038e+19 0.000000000000000000e+00
9.539635711231806669e+19 0.000000000000000000e+00
9.437796488182200730e+19 0.000000000000000000e+00
9.069287668313967821e+19 0.000000000000000000e+00
8.718790569631778406e+19 0.000000000000000000e+00
8.338506656593474355e+19 0.000000000000000000e+00
8.029657458025698099e+19 0.000000000000000000e+00
7.818144545683290522e+19 0.000000000000000000e+00
7.311435480742316442e+19 0.000000000000000000e+00
7.076456934299054899e+19 0.000000000000000000e+00
6.750422816683921408e+19 0.000000000000000000e+00
6.402571217283243213e+19 0.000000000000000000e+00
6.172239327696571597e+19 0.000000000000000000e+00
5.970450948835119104e+19 2.301995321561687552e+18
5.708077180432864051e+19 2.916740304317942784e+18
5.409943545432543232e+19 3.728675081595094016e+18
5.229722843315482624e+19 4.507302199062251008e+18
5.051201241646915584e+19 4.512274293319704576e+18
4.894258869185589248e+19 4.955087101616323584e+18
4.721551974527458509e+19 5.151401391731640320e+18
4.515530038452204339e+19 5.350627408847578112e+18
4.376810026477884211e+19 5.562167838478893056e+18
4.068662013800777318e+19 5.524673270095709184e+18
3.921242729726355046e+19 5.816172833178059776e+18
3.744504471004080538e+19 6.066216682766898176e+18
3.665391859568460595e+19 6.359970664594582528e+18
3.531396913026218394e+19 6.393435748373710848e+18
3.337920702010204570e+19 6.217615080302157824e+18
3.230471888747820237e+19 6.221158007354539008e+18
3.063720236038739968e+19 6.407466874399970304e+18
2.993371989308293939e+19 6.254634798604929024e+18
2.905986979019959501e+19 6.478571300246679552e+18
2.695939563607597875e+19 6.529255958522054656e+18
2.587285949731297690e+19 6.439466759772773376e+18
2.504057945699284173e+19 6.542684958874920960e+18
2.387001461838746829e+19 6.401074414375729152e+18
2.295564048956039578e+19 6.450053852554620928e+18
2.210440604402119475e+19 6.489847027671993344e+18
2.143139622346378854e+19 6.717191790237688832e+18
2.064265655192588698e+19 6.530199332642457600e+18
1.991885476016252518e+19 6.639488583901484032e+18
1.934695600523784602e+19 6.732890266296663040e+18
1.790876523530627891e+19 6.382659369731393536e+18
1.735366258298108723e+19 6.334601535142365184e+18
1.670033071240872141e+19 6.390618762539619328e+18
1.592789483124122419e+19 6.412750681584159744e+18
1.504501213910148301e+19 6.292516807313261568e+18
1.450107657774272512e+19 6.383113932506557440e+18
1.407818068264937677e+19 6.293326023853940736e+18
1.334725616245274419e+19 6.289901133851354112e+18
1.268845440340751360e+19 6.080889814007278592e+18
1.218799777906504909e+19 6.064798980378721280e+18
1.161876859946388890e+19 6.003758254702142464e+18
1.135606510515949773e+19 6.350479896921058304e+18
1.077104820091791974e+19 6.102083794687984640e+18
1.023961997298822758e+19 5.965573074538320896e+18
9.960708125823926272e+18 6.116740053807955968e+18
9.266698701511219200e+18 5.687810669739935744e+18
8.682000647607326720e+18 5.493520680841445376e+18
8.744817026583720960e+18 5.751710227237216256e+18
8.366133544495844352e+18 5.565897141010565120e+18
7.906440763355041792e+18 5.192851869635141632e+18
8.163791266939424768e+18 5.738789983861303296e+18
7.641768259379158016e+18 5.432421290787987456e+18
7.276993148043645952e+18 5.288421377584637952e+18
6.866192016457166848e+18 5.034181116096815104e+18
6.718586752298446848e+18 5.001212668974663680e+18
9.280714521014812672e+18 7.734033096466959360e+18
5.800411838547055616e+18 4.393864738201693696e+18
5.663707855496098816e+18 4.294553252137850368e+18
5.690037652254059520e+18 4.453130759716082176e+18
5.075479074901057536e+18 3.961588059899374080e+18
5.177249991545555968e+18 4.098001534433858048e+18
4.717993910928182272e+18 3.727560973661983232e+18
4.610727824921789440e+18 3.728370763294639104e+18
4.300713302902061056e+18 3.449822415913652224e+18
4.216254853386799104e+18 3.450324713834797568e+18
3.950082639577424896e+18 3.259320019636456448e+18
3.825400472906255360e+18 3.170603821159115776e+18
3.685763531304102912e+18 3.080794219771234816e+18
3.639210587249300480e+18 3.068214801160913920e+18
3.331216204059465728e+18 2.808738846800041984e+18
3.108854895779565056e+18 2.646128736694095872e+18
3.179418071763123200e+18 2.733626514267726848e+18
2.805761650285062656e+18 2.381719148541639680e+18
2.761750037135473664e+18 2.356230229961381376e+18
2.683706817155489280e+18 2.326811410669947392e+18
2.493806341270735360e+18 2.167131694510984448e+18
2.344453664224822272e+18 2.039194305757426688e+18
2.288456651859473920e+18 2.009267890531176448e+18
2.243598668886201856e+18 1.975527027716338432e+18
2.111373998668183296e+18 1.865354060501595648e+18
1.964525750293579520e+18 1.740684366302524928e+18
1.922858892414476800e+18 1.719501325981151744e+18
1.775021899698030336e+18 1.582969116459462144e+18
1.783816360410968064e+18 1.607175603386885632e+18
1.739968606006659072e+18 1.572634589690673920e+18
1.713280595903255808e+18 1.553999578207262976e+18
1.507138354248971008e+18 1.363911437284026368e+18
1.430351391905838592e+18 1.297439688326812416e+18
1.398937179061101824e+18 1.280050930215664640e+18
1.336985567908353024e+18 1.223569938299189760e+18
1.213561093809068288e+18 1.109767025946415872e+18
1.221339687718758400e+18 1.124440429287718784e+18
1.072111820686754688e+18 9.799599406451452160e+17
1.053497045108555648e+18 9.607907368718944000e+17
1.040802581729153792e+18 9.613340281899521280e+17
9.950748138323333120e+17 9.208960868085080320e+17
1.018455321335175040e+18 9.471666704552692480e+17
9.464225688901224960e+17 8.845091963712399360e+17
9.989786064468999680e+17 9.414638009375872000e+17
9.582162966034676480e+17 9.032897675134392320e+17
1.034447458734559104e+18 9.830106586164797440e+17
7.839125350297762560e+17 7.366065288377578240e+17
7.058556778318641920e+17 6.623786643495407360e+17
6.453997950165340160e+17 6.031184049830835200e+17
6.237388604517559040e+17 5.868860110066357760e+17
6.144863959791671040e+17 5.785136300121479680e+17
5.841871544669080320e+17 5.510922089284981760e+17
6.211570100309487360e+17 5.909073309064805120e+17
6.219821594425923840e+17 5.935385063230078720e+17
5.356804047751632000e+17 5.088221545719554560e+17
5.445586677102223360e+17 5.194101834316202880e+17
4.841243816983685120e+17 4.611493748740020480e+17
4.707369113711982080e+17 4.485337848343118720e+17
5.029564808162736640e+17 4.827081057943863680e+17
5.594531036212036480e+17 5.408815123609221120e+17
4.650505953382499840e+17 4.481805705415592320e+17
4.356490775083463040e+17 4.188384471249397120e+17
3.913789713827683200e+17 3.763609956805736960e+17
3.713603765160845440e+17 3.572087209216747520e+17
3.418456116406712320e+17 3.285756540064330880e+17
3.155035787407916160e+17 3.021370181796784000e+17
3.102083853495218560e+17 2.989711156288586240e+17
3.072549961125136000e+17 2.965504706059598720e+17
2.770934809230247040e+17 2.663188044901554560e+17
2.648625949062071680e+17 2.544184260527261440e+17
2.499130799851071040e+17 2.411376394520428480e+17
2.752109209037230080e+17 2.662816603296137920e+17
2.321956703713206720e+17 2.244428609883564800e+17
2.254563222147926400e+17 2.179564620979332800e+17
2.222525206914575040e+17 2.153980504664778880e+17
2.014952098086853120e+17 1.953411556316328000e+17
2.040110245253788800e+17 1.979677843667387840e+17
2.018120113971624640e+17 1.961510687921550400e+17
2.011612787931651520e+17 1.959476776528615680e+17
2.147528694559514880e+17 2.099272684084488640e+17
2.313882359011161280e+17 2.267775958091056320e+17
1.674657720527553600e+17 1.628386810167588800e+17
1.605677161496186880e+17 1.566538077981103360e+17
1.590451373411339200e+17 1.553619251935309760e+17
1.664652750117913280e+17 1.630557073175898240e+17
1.382130416312660320e+17 1.350595392893524960e+17
1.353116013718005120e+17 1.322484308161345600e+17
1.394263274454633600e+17 1.365554474259414720e+17
1.154999341768204960e+17 1.127872851340065440e+17
1.107445948344918880e+17 1.081757219335597600e+17
1.083159035651371360e+17 1.058804331430713440e+17
1.028458946287918720e+17 1.006888416799228640e+17
1.192552156836247200e+17 1.171934130247376960e+17
9.429179465293155200e+16 9.238141250109515200e+16
8.962571172420105600e+16 8.765605694330331200e+16
1.396114144082633120e+17 1.378483883272724960e+17
9.942735361059156800e+16 9.765327291379838400e+16
7.391811120608636800e+16 7.227121535453310400e+16
7.484329831388704000e+16 7.339721801471241600e+16
1.358491549377906880e+17 1.345819368431485120e+17
6.952669245248880800e+16 6.828282294895545600e+16
7.177583235572335200e+16 7.059566632052333600e+16
6.315381388942434400e+16 6.207551166961640000e+16
6.355148019926677600e+16 6.257839639668558400e+16
6.043571440021712800e+16 5.955661913662235200e+16
6.962034589033007200e+16 6.871290615570554400e+16
7.608520674753620800e+16 7.532457496182651200e+16
6.022015880238216000e+16 5.947230461462204800e+16
5.118642105180055200e+16 5.052695009039056800e+16
4.994958005249218400e+16 4.930745254123473600e+16
4.783245699018825600e+16 4.722066698994436800e+16
4.938732374266745600e+16 4.882886369344261600e+16
4.327586440707477600e+16 4.272894390539545600e+16
4.130549891321544800e+16 4.078206838543792800e+16
4.112936863321774400e+16 4.061094673827581600e+16
3.491171774990852800e+16 3.447559281360590000e+16
4.468726526765653600e+16 4.431348990022631200e+16
4.433870029789462400e+16 4.396267415629722400e+16
5.666023825832624000e+16 5.630567739560669600e+16
3.954134319327558400e+16 3.919382249764329600e+16
3.516572417307691200e+16 3.484659119475055200e+16
3.175480729471408000e+16 3.140772634504958800e+16
3.190880760908274000e+16 3.160527159742644000e+16
2.877672410379604400e+16 2.854086135626914000e+16
2.886140167011736000e+16 2.863097210898386400e+16
2.366251903652650000e+16 2.344023715045180400e+16
2.378185094827388000e+16 2.356856293448936800e+16
3.828887375185141600e+16 3.809020727118551200e+16
2.885014761693203200e+16 2.866694473132982000e+16
2.905663390081252800e+16 2.888320505248718400e+16
3.271048650654034000e+16 3.252570900979447600e+16
2.100205764740851200e+16 2.083407633847802800e+16
1.970989075518818800e+16 1.955784801192297600e+16
2.042638130368379600e+16 2.029288914701871600e+16
1.933079753371932000e+16 1.920425444925872800e+16
1.978978243838256400e+16 1.966006621605667600e+16
1.952456999526252000e+16 1.940013540666494800e+16
2.701699449395096800e+16 2.690344333716260400e+16
1.466289145094518400e+16 1.455834529721626200e+16
1.399270955657023200e+16 1.389623269705723200e+16
1.397390011953241400e+16 1.387355209954943200e+16
1.540486742406503200e+16 1.530754500147837600e+16
1.299881741837640800e+16 1.292668995737238800e+16
1.255680764515207400e+16 1.249002104718759800e+16
1.135513202194362200e+16 1.129154806485851800e+16
1.137500994747596400e+16 1.131244781763244000e+16
1.295731367034579600e+16 1.289683338879123400e+16
1.083486621663755200e+16 1.077325735600027400e+16
1.252483213488920800e+16 1.247522115730928200e+16
1.045151052925488800e+16 1.040220130954313400e+16
9.804354487201684000e+15 9.752836768370798000e+15
9.020653154096218000e+15 8.977488061075781000e+15
9.238557711506682000e+15 9.199288646472688000e+15
8.516082721137449000e+15 8.479710415820163000e+15
7.311461297945296000e+15 7.274756365226487000e+15
6.886672408782329000e+15 6.852842038427680000e+15
6.635882655007215000e+15 6.603043768350144000e+15
6.781011013758807000e+15 6.746800746211109000e+15
6.329716301227801000e+15 6.302010043080333000e+15
5.849004112228331000e+15 5.822868324844423000e+15
5.593678182455426000e+15 5.566221813054332000e+15
5.306670490089797000e+15 5.282746909288562000e+15
5.621352782143020000e+15 5.601321214440361000e+15
5.660546529382737000e+15 5.640694232186248000e+15
5.405630846120494000e+15 5.385690252857061000e+15
5.451150909683868000e+15 5.431718578024668000e+15
4.690084361285575000e+15 4.674049547559928000e+15
4.316570971363632000e+15 4.299855467249855000e+15
4.670132093411750000e+15 4.654688276639658000e+15
4.336387613212467500e+15 4.318130491596830500e+15
3.916987789623069500e+15 3.902329379765936000e+15
3.559033372759665500e+15 3.545924928280076000e+15
4.156918392593224500e+15 4.144072583741271000e+15
3.454618559711340500e+15 3.441707319776154500e+15
3.855871282144703000e+15 3.844116649688247000e+15
3.880282603962163000e+15 3.868196271136905500e+15
3.267184627487814000e+15 3.255055693536556500e+15
2.874007071725869500e+15 2.861958741209380000e+15
2.479366918254836000e+15 2.472045283289746500e+15
2.735398969978265500e+15 2.728226989169118500e+15
2.491785933826629500e+15 2.486002559411308500e+15
2.549327624522945000e+15 2.543703586396601500e+15
2.634140559561365000e+15 2.628337398938540000e+15
2.453886041703494000e+15 2.449424944747578000e+15
2.232750793587991250e+15 2.228488723623607500e+15
2.611947165194641500e+15 2.607698665239849500e+15
1.900749246004232250e+15 1.896477972790332000e+15
1.903574442010480000e+15 1.900076838753938000e+15
1.917987147144699500e+15 1.914177106850047750e+15
1.594503332856527000e+15 1.590036859137912500e+15
1.624201571565598250e+15 1.621215896208266500e+15
1.413154037486381000e+15 1.410595786146373250e+15
1.491599279088727500e+15 1.488964051588396500e+15
1.278135387731629000e+15 1.275539003332234750e+15
1.259971677426637250e+15 1.257113194723809000e+15
1.434868719912185000e+15 1.432323115410169250e+15
1.447163293221461000e+15 1.444621140525188000e+15
1.725136443799017500e+15 1.722575665503001250e+15
1.373617340546531250e+15 1.371726281203606000e+15
1.116824017417409750e+15 1.114951043113001875e+15
1.294802898795190750e+15 1.293304456450642250e+15
8.832843693940063750e+14 8.819031999148466250e+14
9.097928179363995000e+14 9.084892925982385000e+14
8.425340676745742500e+14 8.413203539363248750e+14
8.999593647873158750e+14 8.987641884653037500e+14
7.964996900251353750e+14 7.951494169687815000e+14
1.037756296589836250e+15 1.036704324057030875e+15
7.776161414499392500e+14 7.766962001207985000e+14
8.238333455069372500e+14 8.230611639950328750e+14
7.990435562499450000e+14 7.982434438284160000e+14
1.175312182020196750e+15 1.174601767590546750e+15
7.658225545149480000e+14 7.651006775657915000e+14
7.522044660142786250e+14 7.516657372207140000e+14
6.899190160451350000e+14 6.894567634721822500e+14
6.681326650779245000e+14 6.676603500058656250e+14
1.128456499309904500e+15 1.127995170917477250e+15
4.960316576414271250e+14 4.955845283624666875e+14
5.222096334992852500e+14 5.217748841322466875e+14
4.233039119980221250e+14 4.228767104156610000e+14
4.613892127906843750e+14 4.610055487046151250e+14
5.692353244962471250e+14 5.688383382380632500e+14
4.219109489800170625e+14 4.215195173539109375e+14
5.381991698843685000e+14 5.378433030166891875e+14
4.904299984038156875e+14 4.900553290617904375e+14
4.199043802582800000e+14 4.195483161407725625e+14
3.456782080992385000e+14 3.453092600483415000e+14
4.752053444661263750e+14 4.748351009173349375e+14
4.039725204154138750e+14 4.036583799847297500e+14
3.885971374705696250e+14 3.882995528763993750e+14
4.227886958707703125e+14 4.224745524152466250e+14
3.217893325662171250e+14 3.215182896814000000e+14
3.427402178588547500e+14 3.425226772644465625e+14
3.398669277174595000e+14 3.396510196271301875e+14
2.996732309172973750e+14 2.994384100461268750e+14
3.700060916339700625e+14 3.697845996974146875e+14
3.043609247106976250e+14 3.041540029173751875e+14
3.591272568736513750e+14 3.587865642758940625e+14
2.143756032593558438e+14 2.141699077825399375e+14
2.255502373282218438e+14 2.253351586665565000e+14
1.954130419257588750e+14 1.952491988826201250e+14
2.091294392664080000e+14 2.089508542857075938e+14
1.757222989524797188e+14 1.755871631940270312e+14
2.073481206050685625e+14 2.072135617192185938e+14
1.927130132172709688e+14 1.925800872386069062e+14
1.721995000811231875e+14 1.720457659748572500e+14
1.784615339321833438e+14 1.783205118234690312e+14
1.617203673101451250e+14 1.616202157936901562e+14
1.680781830675494688e+14 1.679753644307219062e+14
1.489808994281723125e+14 1.488847111289737500e+14
1.456046641470260312e+14 1.455135889001985938e+14
1.431086609941050938e+14 1.430169542941340625e+14
1.221906746968136719e+14 1.221031022896937500e+14
1.272889420346950625e+14 1.271913335150647969e+14
1.062450685037985625e+14 1.061672161433257656e+14
9.892923117921507812e+13 9.885173090260373438e+13
1.087418942506787188e+14 1.086648394577305312e+14
1.261958376389336875e+14 1.261010268256631094e+14
1.027229506518253750e+14 1.026479214835505938e+14
9.669624258270304688e+13 9.662316844464746875e+13
9.035594954676940625e+13 9.028176919688951562e+13
8.569664557313826562e+13 8.562060265996212500e+13
9.682671432973393750e+13 9.673998326211879688e+13
9.554707420004825000e+13 9.547721142419240625e+13
8.499161429650157812e+13 8.490508246456070312e+13
8.018268719615021875e+13 8.006976595166181250e+13
6.987889467365448438e+13 6.984823565433050000e+13
5.749002243395998438e+13 5.746189670492604688e+13
6.962443861799252344e+13 6.959916933922280469e+13
5.527910247835152344e+13 5.525027600390747656e+13
5.064609744151603125e+13 5.062117650472622656e+13
5.074688127294996875e+13 5.071803952713116406e+13
5.105487857476620312e+13 5.103001905872980469e+13
6.209453510574456250e+13 6.206591221330725781e+13
5.858254565668089062e+13 5.855028600594178125e+13
5.044760436123981250e+13 5.042330325241577344e+13
9.493085518417446875e+13 9.490088244068640625e+13
7.113400754474737500e+13 7.111614376644223438e+13
6.692670704289264062e+13 6.690884241610065625e+13
5.818082854126692969e+13 5.816678959641975781e+13
5.768769346234946094e+13 5.767409732307653125e+13
4.759602977556864844e+13 4.758088890442029688e+13
3.269216491778781641e+13 3.267732473088727734e+13
3.204461962821948828e+13 3.203476095480015234e+13
3.357806221877632812e+13 3.356437378980432812e+13
2.907266037211026562e+13 2.907075438823969531e+13
3.068220272564917578e+13 3.067872476331787891e+13
2.454580713505483984e+13 2.454409399779426953e+13
2.293193972527015234e+13 2.293167060710717969e+13
1.995415672839913672e+13 1.995415672839913672e+13
1.874547138934234766e+13 1.874547138934234766e+13
1.890562586415960547e+13 1.890562586415960547e+13
1.623647548298501367e+13 1.623647548298501367e+13
2.814422122181469531e+13 2.814422122181469531e+13
1.646668629505608398e+13 1.646668629505608398e+13
1.604806808662456445e+13 1.604806808662456445e+13
1.754259208472199219e+13 1.754259208472199219e+13
1.721102875022164062e+13 1.721102875022164062e+13
1.616347337033176953e+13 1.616347337033176953e+13
1.823367013336068750e+13 1.823367013336068750e+13
2.088941314740776562e+13 2.088941314740776562e+13
1.748899615932991406e+13 1.748899615932991406e+13
3.065392643353870312e+13 3.065392643353870312e+13
2.783127787601416797e+13 2.783127787601416797e+13
3.332655260628183203e+13 3.332655260628183203e+13
2.698294073901699609e+13 2.698294073901699609e+13
3.913762183417075000e+13 3.913762183417075000e+13
1.669356474191568750e+13 1.669356474191568750e+13
1.344650697546287891e+13 1.344650697546287891e+13
1.135773864435708984e+13 1.135773864435708984e+13
1.318918794071872852e+13 1.318918794071872852e+13
1.222591532068998633e+13 1.222591532068998633e+13
1.273972137694850391e+13 1.273972137694850391e+13
9.701146179933671875e+12 9.701146179933671875e+12
1.058798491773816016e+13 1.058798491773816016e+13
1.442060785049800391e+13 1.442060785049800391e+13
1.445879504394615430e+13 1.445879504394615430e+13
1.439594085493315430e+13 1.439594085493315430e+13
1.044001770961992383e+13 1.044001770961992383e+13
1.237373869725888867e+13 1.237373869725888867e+13
1.261692311735549023e+13 1.261692311735549023e+13
1.143514322814161523e+13 1.143514322814161523e+13
7.697220793252556641e+12 7.697220793252556641e+12
5.907521729489281250e+12 5.907521729489281250e+12
5.933675603252598633e+12 5.933675603252598633e+12
5.581121526478753906e+12 5.581121526478753906e+12
6.511884707193510742e+12 6.511884707193510742e+12
5.608225850398951172e+12 5.608225850398951172e+12
4.212952038186292480e+12 4.212952038186292480e+12
4.855697916617643555e+12 4.855697916617643555e+12
5.501975349069436523e+12 5.501975349069436523e+12
5.432071397782208984e+12 5.432071397782208984e+12
5.833398980691377930e+12 5.833398980691377930e+12
3.470887873163395996e+12 3.470887873163395996e+12
4.834797094064799805e+12 4.834797094064799805e+12
4.849973491378523438e+12 4.849973491378523438e+12
4.528166915289344727e+12 4.528166915289344727e+12
4.914432545625713867e+12 4.914432545625713867e+12
4.812154263630508789e+12 4.812154263630508789e+12
4.382718127547619141e+12 4.382718127547619141e+12
3.751491617096815430e+12 3.751491617096815430e+12
2.922081485868902344e+12 2.922081485868902344e+12
2.816808434459061523e+12 2.816808434459061523e+12
3.056809790449924316e+12 3.056809790449924316e+12
3.049005422757458496e+12 3.049005422757458496e+12
2.823294170733640625e+12 2.823294170733640625e+12
2.825910652609060059e+12 2.825910652609060059e+12
1.914199905144377441e+12 1.914199905144377441e+12
1.844143466168224854e+12 1.844143466168224854e+12
1.783719276748775146e+12 1.783719276748775146e+12
1.773762455476848633e+12 1.773762455476848633e+12
1.763681258311360107e+12 1.763681258311360107e+12
1.759636802026052002e+12 1.759636802026052002e+12
1.966251556383620605e+12 1.966251556383620605e+12
1.445465301045000244e+12 1.445465301045000244e+12
1.299891455953418213e+12 1.299891455953418213e+12
1.365532024247697998e+12 1.365532024247697998e+12
1.729497653577375000e+12 1.729497653577375000e+12
9.027395812529382324e+11 9.027395812529382324e+11
8.350803345624785156e+11 8.350803345624785156e+11
8.134248380872342529e+11 8.134248380872342529e+11
8.255537454820812988e+11 8.255537454820812988e+11
7.958377173788843994e+11 7.958377173788843994e+11
8.426007739316678467e+11 8.426007739316678467e+11
8.622861008402048340e+11 8.622861008402048340e+11
7.075289352351868896e+11 7.075289352351868896e+11
8.980884098961081543e+11 8.980884098961081543e+11
6.084416994499149170e+11 6.084416994499149170e+11
7.816348405214261475e+11 7.816348405214261475e+11
5.523942160760915527e+11 5.523942160760915527e+11
4.058661333226057739e+11 4.058661333226057739e+11
4.290821966543527832e+11 4.290821966543527832e+11
3.761237811269778442e+11 3.761237811269778442e+11
3.938901613354213867e+11 3.938901613354213867e+11
3.661798978892412720e+11 3.661798978892412720e+11
3.828440962459617920e+11 3.828440962459617920e+11
4.139152337147571411e+11 4.139152337147571411e+11
4.964592814490681152e+11 4.964592814490681152e+11
2.801293888970592651e+11 2.801293888970592651e+11
1.241913547154539453e+13 1.241913547154539453e+13
6.608068358253297852e+12 6.608068358253297852e+12
5.472230107419457031e+12 5.472230107419457031e+12
5.160369506381008789e+12 5.160369506381008789e+12
5.373537480868386719e+12 5.373537480868386719e+12
6.520097515221274414e+12 6.520097515221274414e+12
1.235794470783197070e+13 1.235794470783197070e+13
5.078396222836079407e+10 5.078396222836079407e+10
8.708729777558244284e-19 8.703485921113883906e-19
6.411920209950192127e-19 6.407088654693760957e-19
5.612591581587139669e-19 5.608252384765569133e-19
5.155052068170408859e-19 5.150894120289078147e-19
4.956841834404839423e-19 4.953080876723087103e-19
5.292957232880591635e-19 5.289246780519727111e-19
5.178146946527014028e-19 5.174077332581321276e-19
4.681116377353597110e-19 4.677034227565772565e-19
4.787834070698093175e-19 4.782377981213204957e-19
4.400064841582532020e-19 4.397104498321285510e-19
5.082963572205798879e-19 5.079806995260730886e-19
4.671658223787969157e-19 4.668612634877427298e-19
4.881390068033867744e-19 4.878449171318601946e-19
5.848783184843736097e-19 5.846379116075331285e-19
4.789946716112045949e-19 4.786281943833005932e-19
4.699172536886988155e-19 4.697495274859429030e-19
5.499781795459625037e-19 5.498157764198160436e-19
5.198103109699615106e-19 5.196267730894632037e-19
4.686237597173165260e-19 4.684907788328886583e-19
4.732070475488798212e-19 4.730762960182016285e-19
4.252826093143599323e-19 4.250962549726613740e-19
3.976417438029614021e-19 3.975126407438782860e-19
4.503905199160219522e-19 4.502374842852741903e-19
3.728541162816864249e-19 3.727270784141490549e-19
3.212364998029748812e-19 3.211119666162746869e-19
3.186648036952274944e-19 3.185586636923837888e-19
2.914555113608469726e-19 2.913478195517793980e-19
2.953062610699173458e-19 2.951453803116057499e-19
2.905875193823283835e-19 2.904803837803915708e-19
2.545004357479392091e-19 2.543638955706991206e-19
2.667775527481537043e-19 2.666804834466326385e-19
2.633906582127082417e-19 2.633210552992962415e-19
2.602346742206682891e-19 2.601632476803298574e-19
2.608300501154515524e-19 2.607546274470703560e-19
2.362539872642145724e-19 2.361651434290458969e-19
2.421560404290141242e-19 2.420930855506532711e-19
2.460660337718134445e-19 2.459991624335324842e-19
2.469202973850430131e-19 2.467918765404278886e-19
2.189024894813942475e-19 2.188502582519237164e-19
2.010084747987420905e-19 2.009472193779022371e-19
1.835778550683942311e-19 1.835377676801714524e-19
1.776385219260118401e-19 1.775994811894360231e-19
1.640673712094253417e-19 1.640271034602486798e-19
1.580651440632427904e-19 1.580299898378588758e-19
1.481013200862124508e-19 1.480667913630254178e-19
1.474683384685212866e-19 1.474337371714040130e-19
1.904184055204097406e-19 1.903834128058006522e-19
1.468336436185709243e-19 1.467974884837844671e-19
1.463817617085829070e-19 1.463364539363560926e-19
2.237349712783932193e-19 2.237047530776055770e-19
1.717314629164010173e-19 1.717010777892668584e-19
1.529362870910547327e-19 1.529053597857669406e-19
1.510806650411335189e-19 1.510485496850226870e-19
1.983624731662741622e-19 1.983314656849202973e-19
1.661608478589423638e-19 1.661097143621213549e-19
1.370675635075286281e-19 1.370372878274384475e-19
2.723509405736612339e-19 2.723162726617559534e-19
1.734313909281514977e-19 1.734054735161475405e-19
1.580507282184142704e-19 1.580230315398118637e-19
1.603065109136739623e-19 1.602683668533094106e-19
1.480033802480898769e-19 1.479831713434578602e-19
1.407297884817345840e-19 1.407093231957842859e-19
1.312527294652525410e-19 1.312318692530436923e-19
1.252404202562806768e-19 1.252183339166349819e-19
1.639816989133376428e-19 1.639605496477581200e-19
1.611654687850378786e-19 1.611438812658620192e-19
1.738540814343891726e-19 1.738289379140820604e-19
1.367117171516530174e-19 1.366925492072258743e-19
1.307181041136201387e-19 1.306982479826481285e-19
1.176247655284518789e-19 1.176032967182217267e-19
1.129174196226029599e-19 1.128935843798052912e-19
1.112916804289292158e-19 1.112616007342161429e-19
1.128638896956603908e-19 1.128487936159013373e-19
1.346379627811115895e-19 1.346276138089158986e-19
9.147453803592566611e-20 9.146863444971139729e-20
9.222344285342562308e-20 9.221762359043176448e-20
8.571317214031236731e-20 8.570739707757897441e-20
8.601642597941774911e-20 8.601067897570559130e-20
8.698398413560520456e-20 8.697824328647861517e-20
9.242180917419573230e-20 9.241603850572681361e-20
8.716947820075701981e-20 8.716357117196602638e-20
6.747791484798792668e-20 6.747182603298670126e-20
6.315239113829650404e-20 6.314668381705775129e-20
7.058701983140653889e-20 7.058184947288908252e-20
6.227530931188289427e-20 6.227077378934772227e-20
9.571245922811382521e-20 9.570795146155529303e-20
6.717209312075587296e-20 6.716760285142255251e-20
7.740445454289349285e-20 7.739997668664221125e-20
5.244287865379167561e-20 5.243838958866929647e-20
5.360398227125538645e-20 5.359945190148406664e-20
5.013928980960825127e-20 5.013489381837091842e-20
5.354681592251502816e-20 5.354236057818496917e-20
4.867738549003406709e-20 4.867288938988215979e-20
8.572962598474166487e-20 8.572497787230560410e-20
6.680398068675264636e-20 6.679960117750430973e-20
6.124367774721140839e-20 6.123918812708322863e-20
5.730777168054785994e-20 5.730311466109853316e-20
5.752689723487196434e-20 5.752197518840969087e-20
9.318032366023399388e-20 9.317492353012142177e-20
6.052998603866149627e-20 6.052331862170728847e-20
5.601040030660423440e-20 5.600666055370749481e-20
5.058067275417348330e-20 5.057617077443818415e-20
4.427093318120490672e-20 4.426678380751260264e-20
1.152545179258716797e-19 1.152509555612934014e-19
5.087855922641382171e-20 5.087688015851188358e-20
4.619268755192650778e-20 4.619086687902715697e-20
4.376800493653968084e-20 4.376470055899754042e-20
4.194155836075484184e-20 4.194022331470019107e-20
4.161745669767357379e-20 4.161625440326517149e-20
4.369157280257757361e-20 4.369036589811211907e-20
3.470240870089299058e-20 3.470118190844290449e-20
3.365970359535887173e-20 3.365846520014108521e-20
3.277146546666337747e-20 3.277024998704637019e-20
3.208514994605689186e-20 3.208395317375083414e-20
3.101647176908325572e-20 3.101524866778624161e-20
3.045886550206155190e-20 3.045759415704148399e-20
3.006048752801571727e-20 3.005897949703675769e-20
2.989625601251474854e-20 2.989500737504860495e-20
3.012514123636371537e-20 3.012378696000721642e-20
3.212314824530337631e-20 3.212179445396414305e-20
2.648698255649236380e-20 2.648543981022273451e-20
6.960234184733762329e-20 6.960012910667749960e-20
3.133660681955708577e-20 3.133570867694473503e-20
2.834941223807075200e-20 2.834835771823893617e-20
2.688185407664961950e-20 2.687834045078385815e-20
2.597267235989643237e-20 2.597222159394163754e-20
2.540263787286611754e-20 2.540216304325840431e-20
2.511803577459021469e-20 2.511748551352087565e-20
2.518485143639691876e-20 2.518453536004650462e-20
2.593064751323584873e-20 2.593033130206557482e-20
3.042714552279755928e-20 3.042682837267753712e-20
2.179191791370489284e-20 2.179159880471912285e-20
2.271774198457514711e-20 2.271741923156434954e-20
2.672450705138927970e-20 2.672418316043451706e-20
1.919029094539297905e-20 1.918996156513233124e-20
1.514870123821135737e-20 1.514836349564779746e-20
1.553335711055643351e-20 1.553300541357965719e-20
1.616384990661248723e-20 1.616350241864478817e-20
1.260216437341402154e-20 1.260180025851524211e-20
1.250005934763544534e-20 1.249967125104700765e-20
1.249845540663965625e-20 1.249803210540624990e-20
1.272091278178386518e-20 1.272042826297693794e-20
1.524867945040003875e-20 1.524806412624283649e-20
1.148915090349897806e-20 1.148783723195351465e-20
1.207110350854096272e-20 1.207102644918235245e-20
9.517397730233890728e-21 9.517351829095439328e-21
9.338040346290089918e-21 9.337994463066046036e-21
9.238376908123227818e-21 9.238330735478292094e-21
9.166747664203827016e-21 9.166701794808902034e-21
9.076160665844620154e-21 9.076114355962155144e-21
9.051719547931472546e-21 9.051672337956525438e-21
9.071058672836921452e-21 9.071008929753596641e-21
9.161387632833560227e-21 9.161343329351383548e-21
9.554517237569771288e-21 9.554472167163559581e-21
9.578729686406274513e-21 9.578683462521449008e-21
1.104830648063143665e-20 1.104825834181025405e-20
8.352398468679344859e-21 8.352339691526226094e-21
9.114572878160116597e-21 9.114523450527291873e-21
7.719586634867585615e-21 7.719533295508997901e-21
8.199029278045921518e-21 8.198968819395222888e-21
8.298279815945638773e-21 8.298200893455091880e-21
9.625502200145029701e-21 9.625481869708841406e-21
1.225580900495091437e-20 1.225578832756308086e-20
7.195275956679035858e-21 7.195254820114520897e-21
8.776794346850463982e-21 8.776772605245922367e-21
6.641602754794143932e-21 6.641580214764618517e-21
5.944250284789127992e-21 5.944226672142774974e-21
4.896575364739476671e-21 4.896550274587226826e-21
6.205117749177210630e-21 6.205090533414361279e-21
2.314038702479819718e-21 2.314008199140310564e-21
2.303303350477592176e-21 2.303267045895500896e-21
2.297394418735087395e-21 2.297344302981690505e-21
2.297133337268797202e-21 2.297133337268797202e-21
2.304593094141938231e-21 2.304593094141938231e-21
2.312024656747161459e-21 2.312024656747161459e-21
2.335952533778428491e-21 2.335952533778428491e-21
2.374059557673788664e-21 2.374059557673788664e-21
2.434136662729335607e-21 2.434136662729335607e-21
2.540978463767570718e-21 2.540978463767570718e-21
2.504029837350150554e-21 2.504029837350150554e-21
2.668114049297427287e-21 2.668114049297427287e-21
2.986986887163435480e-21 2.986986887163435480e-21
4.072656554723160360e-21 4.072656554723160360e-21
1.702866333162420857e-21 1.702866333162420857e-21
1.792762658383298746e-21 1.792762658383298746e-21
1.937674859859842364e-21 1.937674859859842364e-21
2.219466436046130344e-21 2.219466436046130344e-21
3.284071730581114469e-21 3.284071730581114469e-21
1.134296238742123489e-21 1.134296238742123489e-21
1.210338427296326547e-21 1.210338427296326547e-21
1.326341837834842426e-21 1.326341837834842426e-21
1.530271594581612228e-21 1.530271594581612228e-21
2.063937510128152385e-21 2.063937510128152385e-21
9.528615901826966586e-22 9.528615901826966586e-22
1.282187778006254834e-21 1.282187778006254834e-21
3.770536289714090183e-21 3.770536289714090183e-21
0.000000000000000000e+00 0.000000000000000000e+00
0.000000000000000000e+00 0.000000000000000000e+00
0.000000000000000000e+00 0.000000000000000000e+00
0.000000000000000000e+00 0.000000000000000000e+00
0.000000000000000000e+00 0.000000000000000000e+00
0.000000000000000000e+00 0.000000000000000000e+00
0.000000000000000000e+00 0.000000000000000000e+00
0.000000000000000000e+00 0.000000000000000000e+00
0.000000000000000000e+00 0.000000000000000000e+00
0.000000000000000000e+00 0.000000000000000000e+00
0.000000000000000000e+00 0.000000000000000000e+00
0.000000000000000000e+00 0.000000000000000000e+00
0.000000000000000000e+00 0.000000000000000000e+00
0.000000000000000000e+00 0.000000000000000000e+00
0.000000000000000000e+00 0.000000000000000000e+00
0.000000000000000000e+00 0.000000000000000000e+00
0.000000000000000000e+00 0.000000000000000000e+00
0.000000000000000000e+00 0.000000000000000000e+00
0.000000000000000000e+00 0.000000000000000000e+00
0.000000000000000000e+00 0.000000000000000000e+00
0.000000000000000000e+00 0.000000000000000000e+00
0.000000000000000000e+00 0.000000000000000000e+00
0.000000000000000000e+00 0.000000000000000000e+00
0.000000000000000000e+00 0.000000000000000000e+00
0.000000000000000000e+00 0.000000000000000000e+00
0.000000000000000000e+00 0.000000000000000000e+00
0.000000000000000000e+00 0.000000000000000000e+00
0.000000000000000000e+00 0.000000000000000000e+00
0.000000000000000000e+00 0.000000000000000000e+00
0.000000000000000000e+00 0.000000000000000000e+00
0.000000000000000000e+00 0.000000000000000000e+00
0.000000000000000000e+00 0.000000000000000000e+00
0.000000000000000000e+00 0.000000000000000000e+00
0.000000000000000000e+00 0.000000000000000000e+00
0.000000000000000000e+00 0.000000000000000000e+00
0.000000000000000000e+00 0.000000000000000000e+00
0.000000000000000000e+00 0.000000000000000000e+00
0.000000000000000000e+00 0.000000000000000000e+00
0.000000000000000000e+00 0.000000000000000000e+00
0.000000000000000000e+00 0.000000000000000000e+00
0.000000000000000000e+00 0.000000000000000000e+00
0.000000000000000000e+00 0.000000000000000000e+00
0.000000000000000000e+00 0.000000000000000000e+00
0.000000000000000000e+00 0.000000000000000000e+00
0.000000000000000000e+00 0.000000000000000000e+00
0.000000000000000000e+00 0.000000000000000000e+00
0.000000000000000000e+00 0.000000000000000000e+00
0.000000000000000000e+00 0.000000000000000000e+00
0.000000000000000000e+00 0.000000000000000000e+00
0.000000000000000000e+00 0.000000000000000000e+00
0.000000000000000000e+00 0.000000000000000000e+00
0.000000000000000000e+00 0.000000000000000000e+00
0.000000000000000000e+00 0.000000000000000000e+00
0.000000000000000000e+00 0.000000000000000000e+00
0.000000000000000000e+00 0.000000000000000000e+00
0.000000000000000000e+00 0.000000000000000000e+00
0.000000000000000000e+00 0.000000000000000000e+00
0.000000000000000000e+00 0.000000000000000000e+00
0.000000000000000000e+00 0.000000000000000000e+00
0.000000000000000000e+00 0.000000000000000000e+00
0.000000000000000000e+00 0.000000000000000000e+00
0.000000000000000000e+00 0.000000000000000000e+00
0.000000000000000000e+00 0.000000000000000000e+00
0.000000000000000000e+00 0.000000000000000000e+00
0.000000000000000000e+00 0.000000000000000000e+00
0.000000000000000000e+00 0.000000000000000000e+00
0.000000000000000000e+00 0.000000000000000000e+00
0.000000000000000000e+00 0.000000000000000000e+00
0.000000000000000000e+00 0.000000000000000000e+00
0.000000000000000000e+00 0.000000000000000000e+00
0.000000000000000000e+00 0.000000000000000000e+00
0.000000000000000000e+00 0.000000000000000000e+00
0.000000000000000000e+00 0.000000000000000000e+00
0.000000000000000000e+00 0.000000000000000000e+00
0.000000000000000000e+00 0.000000000000000000e+00
0.000000000000000000e+00 0.000000000000000000e+00
0.000000000000000000e+00 0.000000000000000000e+00
0.000000000000000000e+00 0.000000000000000000e+00
0.000000000000000000e+00 0.000000000000000000e+00
0.000000000000000000e+00 0.000000000000000000e+00
0.000000000000000000e+00 0.000000000000000000e+00
0.000000000000000000e+00 0.000000000000000000e+00
0.000000000000000000e+00 0.000000000000000000e+00
0.000000000000000000e+00 0.000000000000000000e+00
0.000000000000000000e+00 0.000000000000000000e+00
0.000000000000000000e+00 0.000000000000000000e+00
0.000000000000000000e+00 0.000000000000000000e+00
0.000000000000000000e+00 0.000000000000000000e+00
0.000000000000000000e+00 0.000000000000000000e+00
0.000000000000000000e+00 0.000000000000000000e+00
0.000000000000000000e+00 0.000000000000000000e+00
0.000000000000000000e+00 0.000000000000000000e+00
0.000000000000000000e+00 0.000000000000000000e+00
0.000000000000000000e+00 0.000000000000000000e+00
0.000000000000000000e+00 0.000000000000000000e+00
0.000000000000000000e+00 0.000000000000000000e+00
0.000000000000000000e+00 0.000000000000000000e+00
0.000000000000000000e+00 0.000000000000000000e+00
0.000000000000000000e+00 0.000000000000000000e+00
0.000000000000000000e+00 0.000000000000000000e+00
0.000000000000000000e+00 0.000000000000000000e+00
0.000000000000000000e+00 0.000000000000000000e+00
0.000000000000000000e+00 0.000000000000000000e+00
0.000000000000000000e+00 0.000000000000000000e+00
0.000000000000000000e+00 0.000000000000000000e+00
0.000000000000000000e+00 0.000000000000000000e+00
0.000000000000000000e+00 0.000000000000000000e+00
0.000000000000000000e+00 0.000000000000000000e+00
0.000000000000000000e+00 0.000000000000000000e+00
0.000000000000000000e+00 0.000000000000000000e+00
0.000000000000000000e+00 0.000000000000000000e+00
0.000000000000000000e+00 0.000000000000000000e+00
0.000000000000000000e+00 0.000000000000000000e+00
0.000000000000000000e+00 0.000000000000000000e+00
0.000000000000000000e+00 0.000000000000000000e+00
0.000000000000000000e+00 0.000000000000000000e+00
0.000000000000000000e+00 0.000000000000000000e+00
0.000000000000000000e+00 0.000000000000000000e+00
0.000000000000000000e+00 0.000000000000000000e+00
0.000000000000000000e+00 0.000000000000000000e+00
0.000000000000000000e+00 0.000000000000000000e+00
0.000000000000000000e+00 0.000000000000000000e+00
0.000000000000000000e+00 0.000000000000000000e+00
0.000000000000000000e+00 0.000000000000000000e+00
0.000000000000000000e+00 0.000000000000000000e+00
0.000000000000000000e+00 0.000000000000000000e+00
0.000000000000000000e+00 0.000000000000000000e+00
0.000000000000000000e+00 0.000000000000000000e+00
0.000000000000000000e+00 0.000000000000000000e+00
0.000000000000000000e+00 0.000000000000000000e+00
0.000000000000000000e+00 0.000000000000000000e+00
0.000000000000000000e+00 0.000000000000000000e+00
0.000000000000000000e+00 0.000000000000000000e+00
0.000000000000000000e+00 0.000000000000000000e+00
0.000000000000000000e+00 0.000000000000000000e+00
0.000000000000000000e+00 0.000000000000000000e+00
0.000000000000000000e+00 0.000000000000000000e+00
0.000000000000000000e+00 0.000000000000000000e+00
0.000000000000000000e+00 0.000000000000000000e+00
0.000000000000000000e+00 0.000000000000000000e+00
0.000000000000000000e+00 0.000000000000000000e+00
0.000000000000000000e+00 0.000000000000000000e+00
0.000000000000000000e+00 0.000000000000000000e+00
0.000000000000000000e+00 0.000000000000000000e+00
0.000000000000000000e+00 0.000000000000000000e+00
0.000000000000000000e+00 0.000000000000000000e+00
0.000000000000000000e+00 0.000000000000000000e+00
0.000000000000000000e+00 0.000000000000000000e+00
0.000000000000000000e+00 0.000000000000000000e+00
0.000000000000000000e+00 0.000000000000000000e+00
0.000000000000000000e+00 0.000000000000000000e+00
0.000000000000000000e+00 0.000000000000000000e+00
0.000000000000000000e+00 0.000000000000000000e+00
0.000000000000000000e+00 0.000000000000000000e+00
0.000000000000000000e+00 0.000000000000000000e+00
0.000000000000000000e+00 0.000000000000000000e+00
0.000000000000000000e+00 0.000000000000000000e+00
0.000000000000000000e+00 0.000000000000000000e+00
0.000000000000000000e+00 0.000000000000000000e+00
0.000000000000000000e+00 0.000000000000000000e+00
0.000000000000000000e+00 0.000000000000000000e+00
0.000000000000000000e+00 0.000000000000000000e+00
0.000000000000000000e+00 0.000000000000000000e+00
0.000000000000000000e+00 0.000000000000000000e+00
0.000000000000000000e+00 0.000000000000000000e+00
0.000000000000000000e+00 0.000000000000000000e+00
0.000000000000000000e+00 0.000000000000000000e+00
0.000000000000000000e+00 0.000000000000000000e+00
0.000000000000000000e+00 0.000000000000000000e+00
0.000000000000000000e+00 0.000000000000000000e+00
0.000000000000000000e+00 0.000000000000000000e+00
0.000000000000000000e+00 0.000000000000000000e+00
0.000000000000000000e+00 0.000000000000000000e+00
0.000000000000000000e+00 0.000000000000000000e+00
0.000000000000000000e+00 0.000000000000000000e+00
0.000000000000000000e+00 0.000000000000000000e+00
0.000000000000000000e+00 0.000000000000000000e+00
0.000000000000000000e+00 0.000000000000000000e+00
0.000000000000000000e+00 0.000000000000000000e+00
0.000000000000000000e+00 0.000000000000000000e+00
0.000000000000000000e+00 0.000000000000000000e+00
0.000000000000000000e+00 0.000000000000000000e+00
0.000000000000000000e+00 0.000000000000000000e+00
0.000000000000000000e+00 0.000000000000000000e+00
0.000000000000000000e+00 0.000000000000000000e+00
0.000000000000000000e+00 0.000000000000000000e+00
0.000000000000000000e+00 0.000000000000000000e+00
0.000000000000000000e+00 0.000000000000000000e+00
0.000000000000000000e+00 0.000000000000000000e+00
0.000000000000000000e+00 0.000000000000000000e+00
0.000000000000000000e+00 0.000000000000000000e+00
0.000000000000000000e+00 0.000000000000000000e+00
0.000000000000000000e+00 0.000000000000000000e+00
0.000000000000000000e+00 0.000000000000000000e+00
0.000000000000000000e+00 0.000000000000000000e+00
0.000000000000000000e+00 0.000000000000000000e+00
0.000000000000000000e+00 0.000000000000000000e+00
0.000000000000000000e+00 0.000000000000000000e+00
0.000000000000000000e+00 0.000000000000000000e+00
0.000000000000000000e+00 0.000000000000000000e+00
0.000000000000000000e+00 0.000000000000000000e+00
0.000000000000000000e+00 0.000000000000000000e+00
0.000000000000000000e+00 0.000000000000000000e+00
0.000000000000000000e+00 0.000000000000000000e+00
0.000000000000000000e+00 0.000000000000000000e+00
0.000000000000000000e+00 0.000000000000000000e+00
0.000000000000000000e+00 0.000000000000000000e+00
0.000000000000000000e+00 0.000000000000000000e+00
0.000000000000000000e+00 0.000000000000000000e+00
0.000000000000000000e+00 0.000000000000000000e+00
0.000000000000000000e+00 0.000000000000000000e+00
0.000000000000000000e+00 0.000000000000000000e+00
0.000000000000000000e+00 0.000000000000000000e+00
0.000000000000000000e+00 0.000000000000000000e+00
0.000000000000000000e+00 0.000000000000000000e+00
0.000000000000000000e+00 0.000000000000000000e+00
0.000000000000000000e+00 0.000000000000000000e+00
0.000000000000000000e+00 0.000000000000000000e+00
0.000000000000000000e+00 0.000000000000000000e+00
0.000000000000000000e+00 0.000000000000000000e+00
0.000000000000000000e+00 0.000000000000000000e+00
0.000000000000000000e+00 0.000000000000000000e+00
0.000000000000000000e+00 0.000000000000000000e+00
0.000000000000000000e+00 0.000000000000000000e+00
0.000000000000000000e+00 0.000000000000000000e+00
0.000000000000000000e+00 0.000000000000000000e+00
0.000000000000000000e+00 0.000000000000000000e+00
0.000000000000000000e+00 0.000000000000000000e+00
0.000000000000000000e+00 0.000000000000000000e+00
0.000000000000000000e+00 0.000000000000000000e+00
0.000000000000000000e+00 0.000000000000000000e+00
0.000000000000000000e+00 0.000000000000000000e+00
0.000000000000000000e+00 0.000000000000000000e+00
0.000000000000000000e+00 0.000000000000000000e+00
0.000000000000000000e+00 0.000000000000000000e+00
0.000000000000000000e+00 0.000000000000000000e+00
0.000000000000000000e+00 0.000000000000000000e+00
0.000000000000000000e+00 0.000000000000000000e+00
0.000000000000000000e+00 0.000000000000000000e+00
0.000000000000000000e+00 0.000000000000000000e+00
0.000000000000000000e+00 0.000000000000000000e+00
0.000000000000000000e+00 0.000000000000000000e+00
0.000000000000000000e+00 0.000000000000000000e+00
0.000000000000000000e+00 0.000000000000000000e+00
0.000000000000000000e+00 0.000000000000000000e+00
0.000000000000000000e+00 0.000000000000000000e+00
0.000000000000000000e+00 0.000000000000000000e+00
0.000000000000000000e+00 0.000000000000000000e+00
0.000000000000000000e+00 0.000000000000000000e+00
0.000000000000000000e+00 0.000000000000000000e+00
0.000000000000000000e+00 0.000000000000000000e+00
0.000000000000000000e+00 0.000000000000000000e+00
0.000000000000000000e+00 0.000000000000000000e+00
0.000000000000000000e+00 0.000000000000000000e+00
0.000000000000000000e+00 0.000000000000000000e+00
0.000000000000000000e+00 0.000000000000000000e+00
0.000000000000000000e+00 0.000000000000000000e+00
0.000000000000000000e+00 0.000000000000000000e+00
0.000000000000000000e+00 0.000000000000000000e+00
0.000000000000000000e+00 0.000000000000000000e+00
0.000000000000000000e+00 0.000000000000000000e+00
0.000000000000000000e+00 0.000000000000000000e+00
0.000000000000000000e+00 0.000000000000000000e+00
0.000000000000000000e+00 0.000000000000000000e+00
0.000000000000000000e+00 0.000000000000000000e+00
0.000000000000000000e+00 0.000000000000000000e+00
0.000000000000000000e+00 0.000000000000000000e+00
0.000000000000000000e+00 0.000000000000000000e+00
0.000000000000000000e+00 0.000000000000000000e+00
0.000000000000000000e+00 0.000000000000000000e+00
0.000000000000000000e+00 0.000000000000000000e+00
0.000000000000000000e+00 0.000000000000000000e+00
0.000000000000000000e+00 0.000000000000000000e+00
0.000000000000000000e+00 0.000000000000000000e+00
0.000000000000000000e+00 0.000000000000000000e+00
0.000000000000000000e+00 0.000000000000000000e+00
0.000000000000000000e+00 0.000000000000000000e+00
