2.020124898734082150e+22 0.000000000000000000e+00
2.068467554883564103e+22 0.000000000000000000e+00
2.001177106067645216e+22 0.000000000000000000e+00
1.905001527671737287e+22 0.000000000000000000e+00
1.887880620537850678e+22 0.000000000000000000e+00
1.811574676781176298e+22 0.000000000000000000e+00
1.794800811813317797e+22 0.000000000000000000e+00
1.750867318747509136e+22 0.000000000000000000e+00
1.777732179781880696e+22 0.000000000000000000e+00
1.704411515980218158e+22 0.000000000000000000e+00
1.687857492562709525e+22 0.000000000000000000e+00
1.627147154768445991e+22 0.000000000000000000e+00
1.576784269275469709e+22 0.000000000000000000e+00
1.541910516852115846e+22 0.000000000000000000e+00
1.521951796939841759e+22 0.000000000000000000e+00
1.485178692342679339e+22 0.000000000000000000e+00
1.458691447645825453e+22 0.000000000000000000e+00
1.411450516534195755e+22 0.000000000000000000e+00
1.385485265939218825e+22 0.000000000000000000e+00
1.351072458962477515e+22 0.000000000000000000e+00
1.318327556356003856e+22 0.000000000000000000e+00
1.302747269318092784e+22 0.000000000000000000e+00
1.271267147842830572e+22 0.000000000000000000e+00
1.272590129047627262e+22 0.000000000000000000e+00
1.215716558733196657e+22 0.000000000000000000e+00
1.180296846250417429e+22 0.000000000000000000e+00
1.152863897270728262e+22 0.000000000000000000e+00
1.114372649436826514e+22 0.000000000000000000e+00
1.106213500913915947e+22 0.000000000000000000e+00
1.069020005848426794e+22 0.000000000000000000e+00
1.054642675560613098e+22 0.000000000000000000e+00
1.042142068169918068e+22 0.000000000000000000e+00
9.941825743040502825e+21 0.000000000000000000e+00
9.973957007658165731e+21 0.000000000000000000e+00
9.525199087263310414e+21 0.000000000000000000e+00
9.301455359245851558e+21 0.000000000000000000e+00
9.190884691406079656e+21 0.000000000000000000e+00
9.176692004477301948e+21 0.000000000000000000e+00
8.985856604945143300e+21 0.000000000000000000e+00
8.637415184861621125e+21 0.000000000000000000e+00
8.770402539844868768e+21 0.000000000000000000e+00
8.421735933243108098e+21 0.000000000000000000e+00
8.146773020857280233e+21 0.000000000000000000e+00
8.013864035588530766e+21 0.000000000000000000e+00
7.720674278032631923e+21 0.000000000000000000e+00
7.668952467397107778e+21 0.000000000000000000e+00
7.513218062317820838e+21 0.000000000000000000e+00
7.192371264186824524e+21 0.000000000000000000e+00
7.024195242445391266e+21 0.000000000000000000e+00
6.974853233208978309e+21 0.000000000000000000e+00
6.897933190176722387e+21 0.000000000000000000e+00
6.809590702274638774e+21 0.000000000000000000e+00
6.695248130326073967e+21 0.000000000000000000e+00
6.443392618500887413e+21 0.000000000000000000e+00
6.362791683340599558e+21 0.000000000000000000e+00
6.167680731216023126e+21 0.000000000000000000e+00
6.061323064542225236e+21 0.000000000000000000e+00
5.937043760724216644e+21 0.000000000000000000e+00
5.812923272160682705e+21 0.000000000000000000e+00
5.804498056962520383e+21 0.000000000000000000e+00
5.754527884230238667e+21 0.000000000000000000e+00
5.412746227975265976e+21 0.000000000000000000e+00
5.326398161804943426e+21 0.000000000000000000e+00
5.333863939717593039e+21 0.000000000000000000e+00
5.112794725443572859e+21 0.000000000000000000e+00
5.069864837700055466e+21 0.000000000000000000e+00
5.090292289809195991e+21 0.000000000000000000e+00
4.763102994110640816e+21 0.000000000000000000e+00
4.736587416779155833e+21 0.000000000000000000e+00
4.537016542752091406e+21 0.000000000000000000e+00
4.363683618839390585e+21 0.000000000000000000e+00
4.294742057202219483e+21 0.000000000000000000e+00
4.232007103148646203e+21 0.000000000000000000e+00
4.129198013651522421e+21 0.000000000000000000e+00
3.973742808575719768e+21 0.000000000000000000e+00
4.028458198133300527e+21 0.000000000000000000e+00
3.898763728054936142e+21 0.000000000000000000e+00
3.813989510625798652e+21 0.000000000000000000e+00
3.744141936718237925e+21 0.000000000000000000e+00
3.648956951635162038e+21 0.000000000000000000e+00
3.525651200327880802e+21 0.000000000000000000e+00
3.447324149802691199e+21 0.000000000000000000e+00
3.454056178066393661e+21 0.000000000000000000e+00
3.431357431247876915e+21 0.000000000000000000e+00
3.263472686012377858e+21 0.000000000000000000e+00
3.319392129740097716e+21 0.000000000000000000e+00
3.184481736957338059e+21 0.000000000000000000e+00
3.166826367850751459e+21 0.000000000000000000e+00
3.028585146321875763e+21 0.000000000000000000e+00
2.971102535398868910e+21 0.000000000000000000e+00
2.956386818261828764e+21 0.000000000000000000e+00
2.865342904198537150e+21 0.000000000000000000e+00
2.798129845849314296e+21 0.000000000000000000e+00
2.720313174813547954e+21 0.000000000000000000e+00
2.628353442042517914e+21 0.000000000000000000e+00
2.621488639177633825e+21 0.000000000000000000e+00
2.526464087189137916e+21 0.000000000000000000e+00
2.544485571739867677e+21 0.000000000000000000e+00
2.470401641067602510e+21 0.000000000000000000e+00
2.373071393681902141e+21 0.000000000000000000e+00
2.323820516295726334e+21 0.000000000000000000e+00
2.331040019390718804e+21 0.000000000000000000e+00
2.271301419699003195e+21 0.000000000000000000e+00
2.182840023611693597e+21 0.000000000000000000e+00
2.169561716290363064e+21 0.000000000000000000e+00
2.099101427316421296e+21 0.000000000000000000e+00
2.051226073058012299e+21 0.000000000000000000e+00
1.991229025359078621e+21 0.000000000000000000e+00
1.990685276491866440e+21 0.000000000000000000e+00
1.947111947500904776e+21 0.000000000000000000e+00
1.872600668195424305e+21 0.000000000000000000e+00
1.802176084918126248e+21 0.000000000000000000e+00
1.762043647613148856e+21 0.000000000000000000e+00
1.727018470896500998e+21 0.000000000000000000e+00
1.707084944759445258e+21 0.000000000000000000e+00
1.668592176866984985e+21 0.000000000000000000e+00
1.619284446881047642e+21 0.000000000000000000e+00
1.589911015250665669e+21 0.000000000000000000e+00
1.560459863618403697e+21 0.000000000000000000e+00
1.546793675465180840e+21 0.000000000000000000e+00
1.500349552869295784e+21 0.000000000000000000e+00
1.458122988736935887e+21 0.000000000000000000e+00
1.432759156974863516e+21 0.000000000000000000e+00
1.395291740586750509e+21 0.000000000000000000e+00
1.352256558351827862e+21 0.000000000000000000e+00
1.337761920771872522e+21 0.000000000000000000e+00
1.326389971965748969e+21 0.000000000000000000e+00
1.295263474779990786e+21 0.000000000000000000e+00
1.268789815744451052e+21 0.000000000000000000e+00
1.246428891101200384e+21 0.000000000000000000e+00
1.238951960063625921e+21 0.000000000000000000e+00
1.187014163965960520e+21 0.000000000000000000e+00
1.185976754999845716e+21 0.000000000000000000e+00
1.187696754093888897e+21 0.000000000000000000e+00
1.175684399404765938e+21 0.000000000000000000e+00
1.354028428433969381e+21 0.000000000000000000e+00
1.101308955857816519e+21 0.000000000000000000e+00
1.110233270660661772e+21 0.000000000000000000e+00
1.035414208946752193e+21 0.000000000000000000e+00
1.017875920562761368e+21 0.000000000000000000e+00
1.001817246978384855e+21 0.000000000000000000e+00
9.857634624629479834e+20 0.000000000000000000e+00
9.456375343438253261e+20 0.000000000000000000e+00
9.328834499604613693e+20 0.000000000000000000e+00
8.972654543250278318e+20 0.000000000000000000e+00
9.005624281507237724e+20 0.000000000000000000e+00
8.722958742103742218e+20 0.000000000000000000e+00
8.514681949018958070e+20 0.000000000000000000e+00
8.267589252833813463e+20 0.000000000000000000e+00
8.156007423227301724e+20 0.000000000000000000e+00
8.110534816638098473e+20 0.000000000000000000e+00
7.872499386946208399e+20 0.000000000000000000e+00
7.637325715912184300e+20 0.000000000000000000e+00
7.407575041753605734e+20 0.000000000000000000e+00
7.154542375461671404e+20 0.000000000000000000e+00
6.954378566588982886e+20 0.000000000000000000e+00
6.869474695713770701e+20 0.000000000000000000e+00
6.731777195413564293e+20 0.000000000000000000e+00
6.652384053229391708e+20 0.000000000000000000e+00
6.574766474016821084e+20 0.000000000000000000e+00
6.281716503016210432e+20 0.000000000000000000e+00
6.140262628286249042e+20 0.000000000000000000e+00
6.060408350945601126e+20 0.000000000000000000e+00
5.868897479766614344e+20 0.000000000000000000e+00
5.736983019999983043e+20 0.000000000000000000e+00
5.640685817621410611e+20 0.000000000000000000e+00
5.475617898992745185e+20 0.000000000000000000e+00
5.313473458344312832e+20 0.000000000000000000e+00
5.325729509575841546e+20 0.000000000000000000e+00
5.260570866659300475e+20 0.000000000000000000e+00
5.111426763810333655e+20 0.000000000000000000e+00
4.907878078338029322e+20 0.000000000000000000e+00
4.859277655357491773e+20 0.000000000000000000e+00
4.806267785484152340e+20 0.000000000000000000e+00
4.607105459146452500e+20 0.000000000000000000e+00
4.531740055361125745e+20 0.000000000000000000e+00
4.367871525120188088e+20 0.000000000000000000e+00
4.410147555153191240e+20 0.000000000000000000e+00
4.284459223988769260e+20 0.000000000000000000e+00
4.237235306728711782e+20 0.000000000000000000e+00
4.107432459623731036e+20 0.000000000000000000e+00
4.028299310127474934e+20 0.000000000000000000e+00
3.961705906251348050e+20 0.000000000000000000e+00
3.812339709075707658e+20 0.000000000000000000e+00
3.786506196006907412e+20 0.000000000000000000e+00
3.647856829352734884e+20 0.000000000000000000e+00
3.608590636815914107e+20 0.000000000000000000e+00
3.533012381008098099e+20 0.000000000000000000e+00
3.408194895500561613e+20 0.000000000000000000e+00
3.312381342122301850e+20 0.000000000000000000e+00
3.313611752779944428e+20 0.000000000000000000e+00
3.193621322253774356e+20 0.000000000000000000e+00
3.149991652246274048e+20 0.000000000000000000e+00
3.067330037402075791e+20 0.000000000000000000e+00
2.990687995448760074e+20 0.000000000000000000e+00
2.961672960900397793e+20 0.000000000000000000e+00
2.866009357210036142e+20 0.000000000000000000e+00
2.852297299919070822e+20 0.000000000000000000e+00
2.753033360098665103e+20 0.000000000000000000e+00
2.710577476195720561e+20 0.000000000000000000e+00
2.631616743219900252e+20 0.000000000000000000e+00
2.548166813545210184e+20 0.000000000000000000e+00
2.507788022338188739e+20 0.000000000000000000e+00
2.445514291861793341e+20 0.000000000000000000e+00
2.389889796536409129e+20 0.000000000000000000e+00
2.329362861095778714e+20 0.000000000000000000e+00
2.268400516449524777e+20 0.000000000000000000e+00
2.228021085931418419e+20 0.000000000000000000e+00
2.180779849697582121e+20 0.000000000000000000e+00
2.122992666245981471e+20 0.000000000000000000e+00
2.096613648044122440e+20 0.000000000000000000e+00
2.076816881911098900e+20 0.000000000000000000e+00
2.024082378664338391e+20 0.000000000000000000e+00
1.988269229253840404e+20 0.000000000000000000e+00
1.945841814380716687e+20 0.000000000000000000e+00
1.926821046209240105e+20 0.000000000000000000e+00
1.895534777763823288e+20 0.000000000000000000e+00
1.823484711257096520e+20 0.000000000000000000e+00
1.788844822964630651e+20 0.000000000000000000e+00
1.750663989343701565e+20 0.000000000000000000e+00
1.705833671364768563e+20 0.000000000000000000e+00
1.686362921528882954e+20 0.000000000000000000e+00
1.628689990638546125e+20 0.000000000000000000e+00
1.600136455413586002e+20 0.000000000000000000e+00
1.561715970665412035e+20 0.000000000000000000e+00
1.553593589418494525e+20 0.000000000000000000e+00
1.496496551405971046e+20 0.000000000000000000e+00
1.489185613927553434e+20 0.000000000000000000e+00
1.444237640303274885e+20 0.000000000000000000e+00
1.430972704402411848e+20 0.000000000000000000e+00
1.373255634287742812e+20 0.000000000000000000e+00
1.344508347832774328e+20 0.000000000000000000e+00
1.314728499861244969e+20 0.000000000000000000e+00
1.313982434627235185e+20 0.000000000000000000e+00
1.250482045363868631e+20 0.000000000000000000e+00
1.234136972898413937e+20 0.000000000000000000e+00
1.224862133515184374e+20 0.000000000000000000e+00
1.185600687763882967e+20 0.000000000000000000e+00
1.142013634765703414e+20 0.000000000000000000e+00
1.123344982836222853e+20 0.000000000000000000e+00
1.117086858118563594e+20 0.000000000000000000e+00
1.098658308661584036e+20 0.000000000000000000e+00
1.064565868203627643e+20 0.000000000000000000e+00
1.032200442485682995e+20 0.000000000000000000e+00
1.021527351084478300e+20 0.000000000000000000e+00
1.002499854126736179e+20 0.000000000000000000e+00
9.676219980066789786e+19 0.000000000000000000e+00
9.440663446302757683e+19 0.000000000000000000e+00
9.425974681260931482e+19 0.000000000000000000e+00
9.158261551822715290e+19 0.000000000000000000e+00
8.849067963471559066e+19 0.000000000000000000e+00
8.642157706219406950e+19 0.000000000000000000e+00
8.594125686618112000e+19 0.000000000000000000e+00
8.289321586275965338e+19 0.000000000000000000e+00
8.101971265541872026e+19 0.000000000000000000e+00
7.959865172446709350e+19 0.000000000000000000e+00
7.664136035275887411e+19 0.000000000000000000e+00
7.534626291872964608e+19 0.000000000000000000e+00
7.347783338252538675e+19 0.000000000000000000e+00
7.261680221999798682e+19 0.000000000000000000e+00
7.077365779640296243e+19 0.000000000000000000e+00
6.880641069410994586e+19 0.000000000000000000e+00
6.795219269318427443e+19 0.000000000000000000e+00
6.625603481723352678e+19 0.000000000000000000e+00
6.513873347124121600e+19 0.000000000000000000e+00
6.531702234202858291e+19 0.000000000000000000e+00
6.278970898901535949e+19 0.000000000000000000e+00
6.062293106792372634e+19 0.000000000000000000e+00
5.994912079352257741e+19 0.000000000000000000e+00
5.844288521540302438e+19 0.000000000000000000e+00
5.712756980035662643e+19 0.000000000000000000e+00
5.688434605323698176e+19 0.000000000000000000e+00
5.569465515781535334e+19 0.000000000000000000e+00
5.316839472912907469e+19 0.000000000000000000e+00
5.259969269679379251e+19 0.000000000000000000e+00
5.143498245276229632e+19 0.000000000000000000e+00
4.992354023689842688e+19 0.000000000000000000e+00
4.901516150566048563e+19 0.000000000000000000e+00
4.819287853910984294e+19 0.000000000000000000e+00
4.736287705070498611e+19 0.000000000000000000e+00
4.602812493597432218e+19 0.000000000000000000e+00
4.581668036890388070e+19 0.000000000000000000e+00
4.463047513516213043e+19 0.000000000000000000e+00
4.294547558304081510e+19 0.000000000000000000e+00
4.194723042660753408e+19 0.000000000000000000e+00
4.142293024954399130e+19 0.000000000000000000e+00
4.067381730317180928e+19 0.000000000000000000e+00
3.951558472135716045e+19 0.000000000000000000e+00
3.885738110343395738e+19 0.000000000000000000e+00
3.797524211273858253e+19 0.000000000000000000e+00
3.662907034915326771e+19 0.000000000000000000e+00
3.633859847284589773e+19 0.000000000000000000e+00
3.518601841566354637e+19 0.000000000000000000e+00
3.456381647067373158e+19 0.000000000000000000e+00
3.370751665582411366e+19 0.000000000000000000e+00
3.291331302547193037e+19 0.000000000000000000e+00
3.309669472304592896e+19 0.000000000000000000e+00
3.190309594480970138e+19 1.377204292036405504e+18
3.116885148954608026e+19 1.931412358192217600e+18
3.045448701730195046e+19 2.277418100271763968e+18
2.999084429377128858e+19 2.789401991319493120e+18
2.910917795627704730e+19 2.913582097157921792e+18
2.897402041605687296e+19 3.588335594674110976e+18
2.786607913214909645e+19 3.253806314282205184e+18
2.741273041522349670e+19 3.566415224878511104e+18
2.673691764962615296e+19 3.510930581283844608e+18
2.599804727498655334e+19 3.589461912155710464e+18
2.561100051831501619e+19 3.811082165248809472e+18
2.481367460249690522e+19 3.688421986271823360e+18
2.441473912105377792e+19 3.908935489622244864e+18
2.370087286363227750e+19 3.753883293190070272e+18
2.312996267477109146e+19 3.912460456863471616e+18
2.264113098538490675e+19 3.864313362419494400e+18
2.216607124781918618e+19 3.971354769508130816e+18
2.182614733039015117e+19 4.155396945445932544e+18
2.136080277908328448e+19 4.290332659692233728e+18
2.083607538997112013e+19 4.138071758439952384e+18
2.029220485731362406e+19 4.089823196905405952e+18
1.989464699483114701e+19 3.992298229385012736e+18
1.915276545607626342e+19 3.862194362055466496e+18
1.879851679812807885e+19 3.967505718898391552e+18
1.839942580432857907e+19 3.921448484223197696e+18
1.797278741011843482e+19 3.948219361715291648e+18
1.753067644244906803e+19 3.873929267100378624e+18
1.734168360849675264e+19 4.050473529892844544e+18
1.675603145071065907e+19 3.776638573085677056e+18
1.673153318876376269e+19 4.048015617313817088e+18
1.619432239949011968e+19 3.803757078751267840e+18
1.673799332043929190e+19 3.755388186793171456e+18
1.548489803990812058e+19 3.884689039742682112e+18
1.519461050741494989e+19 3.853760091840340480e+18
1.455742489228477235e+19 3.590964053102046208e+18
1.441689412754234778e+19 3.685477541072692736e+18
1.407758653586404762e+19 3.531902176120590848e+18
1.375911071192425267e+19 3.556548038416796160e+18
1.338746089841167565e+19 3.494120973289828864e+18
1.321324087136180634e+19 3.508089228374922752e+18
1.284869645195926938e+19 3.399807786763463168e+18
1.256696124633244877e+19 3.433295144803997696e+18
1.234717170169870541e+19 3.424640673611688960e+18
1.225149581195799347e+19 3.462197255972639744e+18
1.186152454594029568e+19 3.420597152072880640e+18
1.154485495710753587e+19 3.365896467035741184e+18
1.120164797007716557e+19 3.240496622807270400e+18
1.095616928056167629e+19 3.221293193492872704e+18
1.073125860657256243e+19 3.129106867727877632e+18
1.056789676679383040e+19 3.198197123240418304e+18
1.037399298568272486e+19 3.099882517112735232e+18
1.017149534368401408e+19 3.166586216773451264e+18
9.933513770644996096e+18 3.030336290092905472e+18
9.694689794698881024e+18 2.996644690279951360e+18
9.492750280245338112e+18 3.030226329139965952e+18
9.155215425896050688e+18 2.894607739261638656e+18
9.012514204004490240e+18 2.880195364147498496e+18
8.844704794334899200e+18 2.871852165800943104e+18
8.690194928658340864e+18 2.839275599396574208e+18
8.421042684816574464e+18 2.708030740869316608e+18
8.219467001609994240e+18 2.670412239226899456e+18
8.097744979091878912e+18 2.654219579427698688e+18
7.918013500706947072e+18 2.632393934871829504e+18
7.692810905329715200e+18 2.516466178965786624e+18
7.589378331321756672e+18 2.515860698486475264e+18
7.392064724561137664e+18 2.472769859552848896e+18
7.274603269826060288e+18 2.458012851533538816e+18
7.219075717714950144e+18 2.479733456107997696e+18
7.026677297839233024e+18 2.425629887238837248e+18
6.839578288441845760e+18 2.422372000628211200e+18
6.639695928610672640e+18 2.300289552719135744e+18
6.490995718346872832e+18 2.258796648261450752e+18
6.392893679172634624e+18 2.294681751476873984e+18
6.302540714177072128e+18 2.299223226032860416e+18
6.084026401837681664e+18 2.165865394457991424e+18
5.984125492423583744e+18 2.216175535664525824e+18
5.802977622812444672e+18 2.119597523879486976e+18
5.732291710537472000e+18 2.103664844031363072e+18
5.644490560225373184e+18 2.066755992005581056e+18
5.368831631076780032e+18 1.982813446183761664e+18
5.251306421382753280e+18 1.920286771981843200e+18
5.146288432673477632e+18 1.929467112835589888e+18
5.101374162912421888e+18 1.983891071118995712e+18
4.932034735038189568e+18 1.851380819294732288e+18
4.853679636077263872e+18 1.889669687381489664e+18
4.639740986311953408e+18 1.749717283631824128e+18
4.601349499029709312e+18 1.737166895848449792e+18
4.449041882609022464e+18 1.743349194330403840e+18
4.310176639183422976e+18 1.668957124506204416e+18
4.242816645650105344e+18 1.648800073466160384e+18
4.175494564764595200e+18 1.637317006706908672e+18
4.095643060705994752e+18 1.618701607033825792e+18
3.968487150500484608e+18 1.581456571464363008e+18
3.893477915486332416e+18 1.541830203895627008e+18
3.829550968754744832e+18 1.545373934856905472e+18
3.737321847807538688e+18 1.494278168835826176e+18
3.670176569520384512e+18 1.471969896615937024e+18
3.614213362378479616e+18 1.456223655467383552e+18
3.461054419287704064e+18 1.398887032512869632e+18
3.347421029724293632e+18 1.371242470492598272e+18
3.258928480225020416e+18 1.338341892715369984e+18
3.219747962356055040e+18 1.311581614385329664e+18
3.133176518164911104e+18 1.282867486203294976e+18
3.068385675451112448e+18 1.271764671937355520e+18
3.026174823870842880e+18 1.236886024613157888e+18
2.968209698292861952e+18 1.228748682985079296e+18
2.959419651176342528e+18 1.233767917545661952e+18
2.793923583398930432e+18 1.196893905453949184e+18
2.726657013267391488e+18 1.177737791453470464e+18
2.662285258800902656e+18 1.158468852592714240e+18
2.593527578364600832e+18 1.129303255549213056e+18
2.528866366860935168e+18 1.107152161538370304e+18
2.504453630061588992e+18 1.117603649597793536e+18
2.437850876050132480e+18 1.082265106566706304e+18
2.383411147012994560e+18 1.057816985596828416e+18
2.316539314414366208e+18 1.042952072603366912e+18
2.251964570959908352e+18 1.005215349024712064e+18
2.191606825759824640e+18 9.881727522906618880e+17
2.113868138132540672e+18 9.595629956035546880e+17
2.072563664100479744e+18 9.349574405274119680e+17
2.020960154627808512e+18 9.227268168300276480e+17
1.975475357890707456e+18 9.102518274222730240e+17
1.927478147639540992e+18 8.906446292904087040e+17
1.894509966364798464e+18 8.885322138852335360e+17
1.850360007774856448e+18 8.592270550997002240e+17
1.783423405498940928e+18 8.320393189970827520e+17
1.770799238469840384e+18 8.304268289613488640e+17
1.706725467386594816e+18 8.160109263749623040e+17
1.656224731735919872e+18 7.956840937930821120e+17
1.631369158360969728e+18 7.899665138943285760e+17
1.603306793461752064e+18 7.790736089745226240e+17
1.565221188114275328e+18 7.546839525845280000e+17
1.511827458394047744e+18 7.360576582923921920e+17
1.480213300550619392e+18 7.254713437882192640e+17
1.429364547924213760e+18 7.058454379195520000e+17
1.404224584414192384e+18 7.052316925732517120e+17
1.368221780537921792e+18 6.899030082889282560e+17
1.336009323123224832e+18 6.748428065009541120e+17
1.307683865368190464e+18 6.688996618138352640e+17
1.294963182381298688e+18 6.883668547276586240e+17
1.246193785960110848e+18 6.394623060110964480e+17
1.213799381521642752e+18 6.343789394754333440e+17
1.189263573724302848e+18 6.295621876192669440e+17
1.159280222279201536e+18 6.095913971003927040e+17
1.131128040738842368e+18 6.006779683348111360e+17
1.108227622028308864e+18 5.892086484474152960e+17
1.063073235032914816e+18 5.796617008651619840e+17
1.028236251254921472e+18 5.658357081001523840e+17
1.005916551174520960e+18 5.538447759179617920e+17
9.678789678402705920e+17 5.416998194248418560e+17
9.483874354775792640e+17 5.304198213465129600e+17
9.244826650729131520e+17 5.234190173751781120e+17
9.059694014235299840e+17 5.137710684217161600e+17
8.759104479385057280e+17 5.041580746228380800e+17
8.535249294689967360e+17 4.941036025952517120e+17
8.386959499042750720e+17 4.869300503771538560e+17
8.001104728007027200e+17 4.730185941278257280e+17
7.796934629921973760e+17 4.653804763269870080e+17
7.607113899411596800e+17 4.577736833186796800e+17
7.418098206479642880e+17 4.545677049738362880e+17
7.271053954388208640e+17 4.508328233239731840e+17
7.122727454449062400e+17 4.384677783262141440e+17
6.959335757005355520e+17 4.291135781603256960e+17
6.641422050280820480e+17 4.179422583556901760e+17
6.570826140024902400e+17 4.158209154119953280e+17
6.392899506917341440e+17 4.094407561579625600e+17
6.170210094029658880e+17 4.033301812747939200e+17
6.023633448184042240e+17 3.992317857817425280e+17
5.847068051427998720e+17 3.902902969996793600e+17
5.622598891815775360e+17 3.766254347489843840e+17
5.467421931503471360e+17 3.761236387107534080e+17
5.314298454201832960e+17 3.704111776025185920e+17
5.167476181802533760e+17 3.643743840321433600e+17
5.033251602040382720e+17 3.564942719237248000e+17
4.882665655739959680e+17 3.507809551269559040e+17
4.666008096467929600e+17 3.414976963700417280e+17
4.546605092272376960e+17 3.336989104028593280e+17
4.416844446869706240e+17 3.286899079202257280e+17
4.251466222496581760e+17 3.223228016733582080e+17
4.178443506801547520e+17 3.191530325592202880e+17
4.020598482899651200e+17 3.127287098358216960e+17
3.922853424623466240e+17 3.056619671472753280e+17
3.782727693169001600e+17 3.009520809855777920e+17
3.664195482736270080e+17 2.965248614638942720e+17
3.556579619056377600e+17 2.896661472962316160e+17
3.422080588240881920e+17 2.808247737351760640e+17
3.391066777603594240e+17 2.790944518748559680e+17
3.211369056722259200e+17 2.743224585346358080e+17
3.156468171863464320e+17 2.698051340216300800e+17
3.065608685787404800e+17 2.671315798640795840e+17
2.901612048372842240e+17 2.556262457187284800e+17
2.805883038591424640e+17 2.495372379782674880e+17
2.713256252161056320e+17 2.420802094905524480e+17
2.611373554761912000e+17 2.344214954717975360e+17
2.529838726913881280e+17 2.281998957482344640e+17
2.458079381192703680e+17 2.238290767918735360e+17
2.345731505787272000e+17 2.138550130472701120e+17
2.260648812316774080e+17 2.075053310942540800e+17
2.217643787344281600e+17 2.045495896350184000e+17
2.200454748924816320e+17 2.043030634851263360e+17
2.094513107660018240e+17 1.943825090779288000e+17
2.005312936076696960e+17 1.866741590738861120e+17
1.913669090517786240e+17 1.784211337580913920e+17
1.881588162413065280e+17 1.770472243180398400e+17
1.785769400124320640e+17 1.681812495439857600e+17
1.749620374975154880e+17 1.652218146332801600e+17
1.679435744538875520e+17 1.596050362886966400e+17
1.604430177715906560e+17 1.525410845787318720e+17
1.555112369931060480e+17 1.481066629046547840e+17
1.482493696217208960e+17 1.412389482993872960e+17
1.423107924607155840e+17 1.359057483709535520e+17
1.368441178568196480e+17 1.309198802409457760e+17
1.368320151866732800e+17 1.316924060210354240e+17
1.255373488264940160e+17 1.207054934523800800e+17
1.216356184672138720e+17 1.172555056187079840e+17
1.150957819216595360e+17 1.110320932021131520e+17
1.134280972084546240e+17 1.097655742301601120e+17
1.074311649525794080e+17 1.039362251065418400e+17
1.031586533399517920e+17 1.000908240940659840e+17
1.012715403095103360e+17 9.838845586594390400e+16
9.597574760683833600e+16 9.328161926370614400e+16
9.151301645824644800e+16 8.919873867692856000e+16
8.731653786678308800e+16 8.524870252399640000e+16
8.414246997665160000e+16 8.215509244584524800e+16
8.151928455576132800e+16 7.968423192924958400e+16
7.814733923553016000e+16 7.649395797349201600e+16
7.615914951426843200e+16 7.460897176316716800e+16
7.246817948064617600e+16 7.105656720635928000e+16
6.882526934707736000e+16 6.748456409387804800e+16
6.582874597145943200e+16 6.456197058589273600e+16
6.705182078090316000e+16 6.592151048897530400e+16
6.620943747110976800e+16 6.518671626420000000e+16
6.094130813874504000e+16 6.000421649600696000e+16
5.796814225412757600e+16 5.707673656213945600e+16
5.694013112581341600e+16 5.611910679655616000e+16
5.437012478909906400e+16 5.362465906184663200e+16
5.150542671841348000e+16 5.079281691953428000e+16
5.490900687314002400e+16 5.428575032262473600e+16
4.339524734032113600e+16 4.281716044189388800e+16
4.125526662432023200e+16 4.072691937616840800e+16
3.961900530330081600e+16 3.914589209793553600e+16
3.817501192811660800e+16 3.772682909531372000e+16
3.667209006613505600e+16 3.626907346709789600e+16
3.561942373094855600e+16 3.525066524768427600e+16
3.394529266949390400e+16 3.360309162532037200e+16
3.324408210642980400e+16 3.292663929170194000e+16
3.094597995226624800e+16 3.064488841942809600e+16
3.013841850316224800e+16 2.985700190513920000e+16
2.907482068593908800e+16 2.882385410636853600e+16
2.623540738683396400e+16 2.600233508176254400e+16
2.538606574867789200e+16 2.516986053038244800e+16
2.407102487880197600e+16 2.386998685481838800e+16
2.379235663971160800e+16 2.360986342904350000e+16
2.240954077762666400e+16 2.223610952986403600e+16
2.118497196655571600e+16 2.102585140195513200e+16
2.035709428326842400e+16 2.020888334248405200e+16
1.962304972719058000e+16 1.948531429563392000e+16
1.896724760165182000e+16 1.883682105128445200e+16
1.727407936284200400e+16 1.715768855122348600e+16
1.644659514435792200e+16 1.633693632178791200e+16
1.611941691512113600e+16 1.601449568001652400e+16
1.583161595052017800e+16 1.573544581380807200e+16
1.468905512017466000e+16 1.459990338447505800e+16
1.343774566087301200e+16 1.335542761676909400e+16
1.361758644639952400e+16 1.354106471104357200e+16
1.271941963017435200e+16 1.264918472789225800e+16
1.171917348727978600e+16 1.165538866684651200e+16
1.127632553694281000e+16 1.121740513969979000e+16
1.023721661572644200e+16 1.018178394322335200e+16
1.064165929777267200e+16 1.059064781859696400e+16
9.750838543478286000e+15 9.703549954462752000e+15
8.808596818113748000e+15 8.763355802363004000e+15
8.314781562830196000e+15 8.273340104479663000e+15
8.237736604689503000e+15 8.200836431317375000e+15
7.980962609002867000e+15 7.946655522868938000e+15
7.514802151891500000e+15 7.483658957991345000e+15
7.961480278314955000e+15 7.930881060813609000e+15
6.862447044454555000e+15 6.834214371848400000e+15
6.667543843923501000e+15 6.641730363560138000e+15
7.133429214288266000e+15 7.109000301593169000e+15
6.824882391674376000e+15 6.801898926497258000e+15
6.867202699514369000e+15 6.845189014598619000e+15
6.346358780336518000e+15 6.326294753277810000e+15
4.842560795868885000e+15 4.823500844905236000e+15
5.135658278359377000e+15 5.115255362487724000e+15
4.723033893111109000e+15 4.707371852840311000e+15
4.518379232144468000e+15 4.503804976158227000e+15
4.310066368987307500e+15 4.296224472023344500e+15
4.441908616833829000e+15 4.428896192009611500e+15
4.625050020217304000e+15 4.611807422063204000e+15
3.715912389793051500e+15 3.704683876495198500e+15
3.629673418401763000e+15 3.619560039675114500e+15
3.402813645648051000e+15 3.393414531057587500e+15
3.316051891969784000e+15 3.307301696367458000e+15
3.512607134291059500e+15 3.503944639484317500e+15
4.010290877609030000e+15 4.002152753576905500e+15
3.478359329617347000e+15 3.471023213801842000e+15
2.936101726758285500e+15 2.929094734439805500e+15
2.816024065447900500e+15 2.809484640517925500e+15
2.569019640087606500e+15 2.562906013512472000e+15
2.327697246953174000e+15 2.321898989466726000e+15
2.421750650269755000e+15 2.416477473982045500e+15
2.117164669567665250e+15 2.112115800125679500e+15
2.065865618290539500e+15 2.061182959244058750e+15
1.987139151413056000e+15 1.982757552356684750e+15
1.911187272562128750e+15 1.907225717744226750e+15
1.774648926727231500e+15 1.770802496324393500e+15
1.690090517145629000e+15 1.686701609049222500e+15
1.608055693773179750e+15 1.604856309906243500e+15
1.577479960306884000e+15 1.574536607476907750e+15
1.532401104887426500e+15 1.529713341319988500e+15
1.537873231043422750e+15 1.535420920923578500e+15
1.405054105650675500e+15 1.402699620857419250e+15
1.422124802378278000e+15 1.419892531070776750e+15
1.323487912420839500e+15 1.321345210082010000e+15
1.624228772995402000e+15 1.622206703066750500e+15
1.525235703270027000e+15 1.523116730307891500e+15
1.149316231430506250e+15 1.147634934805239750e+15
1.125880214383295125e+15 1.124268946878528500e+15
1.035607258082596875e+15 1.034043505130606375e+15
1.035649414792266125e+15 1.034243199687310375e+15
1.044595636609698375e+15 1.043217432127764875e+15
9.346909975396635000e+14 9.332550324181913750e+14
9.119790572016416250e+14 9.108486782320435000e+14
8.269205217126957500e+14 8.258952920828385000e+14
7.788700612005158750e+14 7.779227564498228750e+14
7.512344719676638750e+14 7.503472152006687500e+14
6.906618969775863750e+14 6.898316597325090000e+14
6.749315966220015000e+14 6.741109855800482500e+14
6.610779045590478750e+14 6.603563865631243750e+14
5.756678995702976250e+14 5.749957304632577500e+14
7.483740592513180000e+14 7.477488606456987500e+14
7.179104478519918750e+14 7.173140529702581250e+14
5.701628039436583750e+14 5.695841290460576250e+14
5.367316483314695000e+14 5.362242515616959375e+14
5.397169090802771250e+14 5.392463244771973125e+14
5.577358513015767500e+14 5.572749742708421875e+14
4.955585743349705625e+14 4.951184996564419375e+14
4.643274939854007500e+14 4.639196893941903125e+14
4.268793328312138125e+14 4.264836181839381875e+14
4.728515695836471250e+14 4.724967812034409375e+14
4.368684364959462500e+14 4.365375375879403750e+14
4.546060850992851250e+14 4.542968566193889375e+14
4.013822805403070000e+14 4.010936530455523125e+14
3.498196047538328750e+14 3.495224600950918750e+14
3.389892335015463125e+14 3.387339932696236875e+14
3.268176283994536250e+14 3.265854988993615625e+14
3.278499320764839375e+14 3.276320280438542500e+14
2.955624522387499375e+14 2.953526345180705000e+14
2.674451334275999062e+14 2.672485061085578750e+14
2.754491651843314062e+14 2.752642192991675938e+14
3.065415145056658750e+14 3.063669988085935000e+14
3.022407463455966250e+14 3.020812102342735000e+14
3.229263178521802500e+14 3.227766094086647500e+14
3.704025790939902500e+14 3.702591557527896250e+14
3.033038295868137500e+14 3.031624324418800625e+14
2.344152933398736562e+14 2.342930175327930000e+14
2.075764369131295938e+14 2.074618187769165312e+14
2.218648355489058438e+14 2.217567094949594375e+14
1.995668691419052812e+14 1.994624204818039062e+14
1.965252891278086875e+14 1.964266624813057812e+14
2.699191176638578438e+14 2.698264799820286250e+14
2.030379835976871250e+14 2.029519534201436250e+14
2.082534976537737500e+14 2.081710197832255312e+14
1.891383206719637500e+14 1.890620805849827812e+14
1.792913323785688125e+14 1.792117324323729062e+14
2.608833632048839062e+14 2.608200934195835938e+14
1.443221470548367812e+14 1.442608754737515625e+14
1.378143004568563438e+14 1.377551614501087188e+14
1.552663993325525000e+14 1.552106322635857812e+14
1.302912077900343594e+14 1.302373775843294531e+14
1.297393755086098438e+14 1.296917301156605938e+14
1.286730605554667188e+14 1.286293694483209062e+14
1.286370332030016094e+14 1.285937127476572188e+14
1.189035119953061875e+14 1.188633894517252031e+14
1.311970034329906250e+14 1.311576270145888906e+14
9.741597518097510938e+13 9.738300546320578125e+13
9.257226896928323438e+13 9.254126657310365625e+13
8.845710925037209375e+13 8.842602350815035938e+13
9.604598481122078125e+13 9.601574595465984375e+13
8.272755110058326562e+13 8.269928430530404688e+13
7.540460142510910938e+13 7.537777305215442188e+13
7.901660913667326562e+13 7.899434285838153125e+13
7.938001707673743750e+13 7.935857611527412500e+13
8.492250853438170312e+13 8.490323654805040625e+13
6.662801150367748438e+13 6.660925306830121094e+13
6.376901616026727344e+13 6.375163882556813281e+13
5.937110459223326562e+13 5.935282768735002344e+13
5.827067618520006250e+13 5.825494148354959375e+13
6.101300690924761719e+13 6.099764342816246875e+13
5.253367133030656250e+13 5.251956455408873438e+13
5.203614160882792188e+13 5.202267598289604688e+13
5.226346331472203125e+13 5.225093459045370312e+13
4.792913573555442188e+13 4.791627062513089844e+13
4.274589783769442969e+13 4.273435349974360156e+13
4.032476611153637500e+13 4.031496258811435156e+13
4.528517041650214062e+13 4.527605021259899219e+13
3.844104112380211719e+13 3.843230725694321875e+13
4.483701805719827344e+13 4.482898967843251562e+13
3.795352044197045312e+13 3.794604271157605469e+13
3.819632228725350000e+13 3.818938579894229688e+13
3.619322682404042188e+13 3.618646331738671094e+13
3.592283612256177344e+13 3.591677755469994531e+13
2.948781405404400391e+13 2.948196808451095703e+13
2.921664921940989062e+13 2.921125007311555469e+13
2.763878478926528906e+13 2.763362652638401172e+13
2.683376646987850000e+13 2.682880168078541016e+13
2.372992740266479297e+13 2.372534241153126562e+13
2.947572961140112891e+13 2.947123193825796875e+13
2.790025929745179297e+13 2.789610021398484766e+13
2.350794869599602734e+13 2.350395419931604297e+13
2.250019383808483594e+13 2.249653204334626172e+13
2.129628233433504297e+13 2.129276486671342578e+13
2.136237458636527734e+13 2.135901398337314062e+13
1.776191355572420703e+13 1.775879725496196875e+13
1.705340717152823242e+13 1.705037658470212500e+13
1.783619279437562891e+13 1.783351153133417578e+13
1.655691733940214062e+13 1.655424373157202734e+13
1.737080109729569141e+13 1.736842517259591406e+13
1.504433449037727734e+13 1.504197853639714258e+13
1.536259208275655078e+13 1.536019083602666797e+13
1.586637643664127539e+13 1.586417656949459570e+13
1.395223676320930664e+13 1.395014256820096875e+13
1.269542369057227930e+13 1.269285365312730078e+13
1.391333720046376367e+13 1.391168033219810352e+13
1.069515939647152539e+13 1.069362947189904883e+13
1.188020951564903516e+13 1.187872026438173242e+13
1.120988549906841602e+13 1.120842794129850391e+13
1.008480106935645117e+13 1.008346753010328711e+13
9.468726785670029297e+12 9.467334855021951172e+12
9.311209925658738281e+12 9.309758172250105469e+12
1.129863294357369922e+13 1.129714472433377734e+13
1.042794285384460742e+13 1.042622680119471484e+13
1.499733119792276367e+13 1.499651405547620508e+13
8.325905349912932617e+12 8.325137596284160156e+12
7.757038289982163086e+12 7.756328650205798828e+12
7.649514273571130859e+12 7.648831376653255859e+12
7.483713502297910156e+12 7.483117250606146484e+12
6.276959500836005859e+12 6.276369556250594727e+12
6.728953481161622070e+12 6.728389636223663086e+12
5.859145504630608398e+12 5.858588603145662109e+12
5.703836189067388672e+12 5.703361038999151367e+12
5.801513206175547852e+12 5.801036649979878906e+12
5.232265734248967773e+12 5.231780669758602539e+12
5.475567612189891602e+12 5.475074333046305664e+12
4.549198786277037109e+12 4.548734891502783203e+12
5.844653707951165039e+12 5.844258811170599609e+12
5.445154978569647461e+12 5.444751782325001953e+12
5.229732371948935547e+12 5.229358188004752930e+12
4.648764273415093750e+12 4.648409916886910156e+12
5.026191529587330078e+12 5.025868387564274414e+12
5.097231356697102539e+12 5.096893492811840820e+12
3.786977536333383789e+12 3.786672127058795410e+12
3.160076129429790527e+12 3.159768639034972656e+12
3.634141323243198730e+12 3.633854191352454590e+12
3.446227060560567871e+12 3.445968260229512207e+12
3.690186690850141602e+12 3.689934439098922363e+12
3.142270925954564941e+12 3.142021664804820312e+12
3.242105755010266113e+12 3.241863005218498047e+12
3.063988886366000488e+12 3.063745494586645996e+12
2.968709419206731445e+12 2.968504030893425293e+12
2.433399092049324707e+12 2.433226326846330078e+12
3.359113939763670898e+12 3.358941660302289062e+12
2.962702888698759766e+12 2.962532684542740234e+12
2.885935131400821289e+12 2.885787196806166016e+12
4.463243008934453125e+12 4.463122719981097656e+12
2.963140208977735840e+12 2.963020068097073242e+12
2.715255651859354492e+12 2.715139227092468262e+12
2.186555971949814941e+12 2.186456848922032471e+12
1.859575910099095215e+12 1.859480878360632080e+12
1.819182234143856689e+12 1.819090315526350098e+12
1.720130094813081787e+12 1.720038159195802979e+12
1.679725313946845215e+12 1.679640945548274658e+12
1.595504445160959473e+12 1.595419487765940186e+12
1.455942130480653076e+12 1.455869588122997070e+12
1.691284760525424561e+12 1.691220848985288574e+12
1.438939025673558350e+12 1.438872207251555420e+12
1.336669673987815430e+12 1.336613453528206543e+12
1.314665733219191895e+12 1.314607319304385498e+12
1.278716837651499268e+12 1.278663295232688232e+12
1.275735581649664307e+12 1.275682931748512207e+12
1.891255326372872070e+12 1.891204720590872070e+12
1.129026011317095459e+12 1.128980541161950195e+12
1.150022226938518066e+12 1.149977237613742676e+12
9.976975288715507812e+11 9.976546286976156006e+11
9.380137206576481934e+11 9.379709878045709229e+11
8.714624660202438965e+11 8.714203344658627930e+11
8.971173671249179688e+11 8.970905312674266357e+11
7.664506852325369873e+11 7.664204880180296631e+11
8.379899247750037842e+11 8.379600892244447021e+11
8.976283042282497559e+11 8.976008874018851318e+11
6.985696835226730957e+11 6.985461419641169434e+11
8.355981309100284424e+11 8.355762914454726562e+11
6.493030217512681885e+11 6.492818331874114990e+11
7.258407791242774658e+11 7.258223305563681641e+11
7.228537788288441162e+11 7.228344697887976074e+11
6.534483499904854736e+11 6.534311201360396729e+11
7.109810762525952148e+11 7.109650469982124023e+11
6.134765990706617432e+11 6.134607582022468262e+11
5.507436470653803711e+11 5.507275820239134521e+11
4.518306030789616089e+11 4.518129518274389038e+11
4.747575557491098022e+11 4.747426868249578857e+11
4.358442965274570923e+11 4.358307528821704102e+11
4.802962869032566528e+11 4.802834884842806396e+11
4.351974236011903687e+11 4.351855253388768311e+11
4.479659478505382080e+11 4.479537880896362305e+11
3.793774336132431641e+11 3.793667073266074829e+11
3.394879049478753052e+11 3.394772523325172729e+11
3.603700001620994873e+11 3.603602816390430908e+11
3.142778137390809326e+11 3.142678723551470947e+11
3.424834699941671753e+11 3.424733403186347656e+11
6.845328385769726562e+11 6.845246602752413330e+11
4.043449541646128540e+11 4.043371083510943604e+11
3.558019460322396851e+11 3.557947940066191406e+11
4.042237163447160034e+11 4.042165506493964844e+11
4.329747234953959351e+11 4.329683034680911865e+11
2.625205420906232910e+11 2.625136173037476196e+11
2.481536187369428101e+11 2.481481204620988464e+11
3.056721508317291260e+11 3.056667925578502808e+11
2.485854628268344421e+11 2.485807205728864136e+11
1.902030246649979858e+11 1.901984130096863403e+11
2.150199397182927551e+11 2.150164898575267029e+11
1.923820658293744202e+11 1.923782046947818298e+11
1.663779469478919067e+11 1.663748495964119263e+11
2.151821859530156555e+11 2.151790455158629456e+11
1.576175316769624939e+11 1.576141789106609802e+11
1.515864699569278259e+11 1.515836874139745789e+11
1.452665054680487671e+11 1.452636713908932190e+11
1.218150008189191742e+11 1.218121177191498718e+11
1.438307277796968384e+11 1.438281225517371216e+11
1.183310895582710571e+11 1.183280231929000397e+11
1.188807749537460022e+11 1.188782011233201141e+11
1.189662090890501709e+11 1.189631127889971619e+11
1.246906861226186829e+11 1.246884511769520416e+11
1.337730099937944183e+11 1.337712950821668396e+11
1.196185284712309113e+11 1.196168115743414612e+11
1.180521380388367462e+11 1.180504168259707794e+11
3.311496526940234375e+11 3.311478537942705078e+11
2.430496372868430786e+11 2.430479151970748291e+11
2.062468100659973755e+11 2.062451952213992920e+11
2.448802978658370667e+11 2.448783407764310608e+11
1.075779113746213684e+11 1.075762851009233704e+11
1.153217299426779480e+11 1.153201930469875183e+11
1.116722432706389771e+11 1.116706603240400543e+11
9.176009206386071777e+10 9.175844588797348022e+10
7.568916522386030579e+10 7.568764286272778320e+10
7.042230110389126587e+10 7.042086213301353455e+10
8.462985348645701599e+10 8.462813168380834961e+10
9.473478946534359741e+10 9.473348229004226685e+10
1.111099724329203186e+11 1.111088323114707184e+11
1.034192381833355865e+11 1.034181354000099487e+11
9.889785176885409546e+10 9.889660409073463440e+10
8.083478465626013184e+10 8.083327392781994629e+10
8.602647961173318481e+10 8.602586473534584045e+10
8.372025149623245239e+10 8.371964505318321228e+10
6.784335871382976532e+10 6.784271206085467529e+10
6.757480670676298523e+10 6.757432600778318024e+10
7.651949273228161621e+10 7.651900547664178467e+10
4.166208823937740326e+10 4.166169471323463440e+10
4.558298636113532257e+10 4.558260181312950134e+10
4.836520480569662476e+10 4.836482035083930206e+10
6.387692036853079987e+10 6.387648115529199982e+10
4.582304847553156281e+10 4.582267677322904968e+10
4.219194924024012756e+10 4.219157384988120270e+10
4.468953209276424408e+10 4.468916027432994080e+10
4.186388350757856750e+10 4.186351903808949280e+10
3.226169813801178360e+10 3.226137515135285187e+10
7.118388511709370422e+10 7.118357690726387024e+10
4.256617511838135529e+10 4.256583390762603760e+10
3.763891610351764679e+10 3.763856426951631165e+10
3.660597766039205933e+10 3.660560926428096008e+10
2.624853224178867722e+10 2.624806067331447983e+10
2.400462159555167770e+10 2.400444303627165985e+10
2.352124777155356216e+10 2.352109419156477737e+10
2.945243899913534927e+10 2.945224674657905960e+10
2.094813888392401505e+10 2.094805104795435715e+10
2.229762560655758286e+10 2.229754545542472839e+10
1.764864538019160843e+10 1.764856818792239761e+10
1.749210719574090958e+10 1.749202681523125839e+10
2.097220563916064453e+10 2.097213260215678787e+10
1.521364163520288086e+10 1.521356768712887001e+10
1.457232290837867546e+10 1.457225750629949379e+10
1.458982273376496124e+10 1.458975578315970039e+10
1.617567568218332291e+10 1.617561035418571091e+10
2.147318470750876617e+10 2.147311858225258255e+10
1.005515577535601807e+10 1.005509121733193970e+10
1.023553839820054245e+10 1.023547552166442871e+10
1.009503690706371498e+10 1.009496351437084007e+10
9.245975164675815582e+09 9.245906885648069382e+09
1.027779303364794350e+10 1.027771096067630005e+10
8.177725726068705559e+09 8.177637798337499619e+09
8.264466001913223267e+09 8.264388471217424393e+09
8.413327675802481651e+09 8.413194062538905144e+09
9.248781068651098251e+09 9.248758221784666061e+09
1.007609272465636635e+10 1.007605578208190918e+10
5.808865015177171707e+09 5.808856553615453720e+09
6.456862305122207642e+09 6.456861484268852234e+09
5.422369835518368721e+09 5.422369835421087265e+09
5.785809586589144707e+09 5.785809586589144707e+09
5.564208322508770943e+09 5.564208322508770943e+09
4.478475307409178734e+09 4.478475307409178734e+09
4.152395379834092140e+09 4.152395379834092140e+09
4.257604831633206367e+09 4.257604831633206367e+09
4.292592525263792515e+09 4.292592525263792515e+09
4.274742475148153305e+09 4.274742475148153305e+09
4.332045019661838531e+09 4.332045019661838531e+09
3.803951288252864838e+09 3.803951288252864838e+09
3.654834499889612675e+09 3.654834499889612675e+09
3.740527735037664890e+09 3.740527735037664890e+09
3.323747690152506351e+09 3.323747690152506351e+09
3.297364727809840679e+09 3.297364727809840679e+09
3.804227671901007175e+09 3.804227671901007175e+09
3.306026870789482117e+09 3.306026870789482117e+09
2.573618062232671261e+09 2.573618062232671261e+09
2.330089584828218937e+09 2.330089584828218937e+09
1.959792622841911316e+09 1.959792622841911316e+09
5.658044644012293701e+11 5.658044644012293701e+11
2.686315614101773987e+11 2.686315614101773987e+11
2.113015849561710358e+09 2.113015849561710358e+09
1.978911095783440590e+09 1.978911095783440590e+09
2.300407135017921925e+09 2.300407135017921925e+09
2.290813576812578678e+09 2.290813576812578678e+09
1.609372163503412962e+09 1.609372163503412962e+09
1.590424999723572969e+09 1.590424999723572969e+09
1.403692812862277746e+09 1.403692812862277746e+09
9.002290159571813345e+08 9.002290159571813345e+08
9.358728155584950447e+08 9.358728155584950447e+08
1.012594208286275148e+09 1.012594208286275148e+09
1.015961544257238746e+09 1.015961544257238746e+09
1.052096392610056996e+09 1.052096392610056996e+09
1.170969757392941952e+09 1.170969757392941952e+09
1.394095743588250399e+09 1.394095743588250399e+09
1.785572340907948971e+09 1.785572340907948971e+09
5.218058125284184456e+09 5.218058125284184456e+09
2.119615999093567284e-21 2.119573114486867559e-21
2.315044037686675933e-21 2.315008673861974631e-21
2.449187195293927431e-21 2.449152627307581818e-21
2.193698783727219050e-21 2.193666137799096406e-21
1.833950499593504757e-21 1.833919829580260395e-21
1.662998500694275800e-21 1.662965150099388147e-21
1.551917827678369100e-21 1.551889651192771621e-21
1.590817913618816965e-21 1.590790166734688580e-21
1.348770105972715339e-21 1.348738486371834204e-21
1.311787591388167459e-21 1.311761919583364438e-21
1.230569257245939518e-21 1.230540563980347238e-21
1.171577437268147533e-21 1.171555483630298883e-21
1.099238172126703524e-21 1.099216785783630593e-21
1.064784416978559280e-21 1.064765202234340085e-21
1.062347944972472714e-21 1.062328928876069836e-21
1.673702078556520638e-21 1.673683239500363675e-21
1.131451474937033302e-21 1.131428238174263902e-21
1.049087101440483792e-21 1.049068210092044225e-21
1.083104384598529823e-21 1.083083477190651997e-21
1.096568572346114085e-21 1.096553609115723911e-21
1.077249939458731023e-21 1.077235654292185131e-21
9.838257177358244159e-22 9.838112142836526415e-22
8.678269532901085185e-22 8.678126393679051160e-22
8.767008722190547300e-22 8.766849149052456909e-22
8.202601349925337114e-22 8.202467665783439719e-22
8.059278982421926611e-22 8.059131224633951890e-22
7.944946353038076247e-22 7.944838317450642880e-22
8.141328161673989043e-22 8.141211406961771966e-22
7.873051149875633965e-22 7.872943957778331565e-22
9.373377949931653271e-22 9.373253026568227988e-22
7.620475446842988070e-22 7.620381211114195898e-22
7.595838553016600438e-22 7.595743830803428196e-22
8.234481774462663420e-22 8.234383736994716246e-22
7.313922764095547190e-22 7.313812942557995575e-22
1.508797159518564504e-21 1.508788675918350312e-21
7.089412564696136872e-22 7.089319296463645431e-22
6.475961667658339640e-22 6.475876499195430912e-22
8.870105035723484941e-22 8.870032831155489949e-22
8.221240166997905125e-22 8.221168754786203288e-22
8.661548248822592542e-22 8.661478017452053755e-22
8.622993903787154824e-22 8.622926793754961043e-22
8.552465696522479518e-22 8.552372760177723965e-22
9.909438575737162661e-22 9.909371328825018204e-22
8.108766839660186699e-22 8.108706619256682685e-22
7.478672162351310176e-22 7.478613308797010747e-22
6.879640686519902348e-22 6.879586716338350546e-22
6.298650640224312410e-22 6.298578216531618965e-22
6.295512723885962946e-22 6.295451956225870102e-22
1.080368487757574558e-21 1.080363662432692491e-21
8.089552860374203754e-22 8.089510088894509122e-22
7.280087694085163217e-22 7.280047357605896664e-22
5.753680419914992582e-22 5.753639729752886072e-22
5.303883080413563086e-22 5.303841031471874949e-22
5.763022814204879440e-22 5.762986750742270309e-22
4.188234471446739680e-22 4.188199593783451657e-22
4.047003224665078850e-22 4.046965042184511884e-22
3.938507562081942082e-22 3.938468353615105304e-22
3.987628265896278128e-22 3.987593185776235900e-22
3.611814725962210149e-22 3.611789260894556810e-22
3.434977355041119564e-22 3.434949563622364454e-22
3.372733428213993960e-22 3.372710815170526950e-22
3.322242501460812505e-22 3.322219553951264782e-22
3.331661942875230301e-22 3.331637701843335526e-22
3.325322515809289135e-22 3.325299256756573545e-22
1.014061065672436521e-21 1.014058631690128550e-21
2.566313146089913794e-22 2.566279136015571126e-22
2.509303043060398349e-22 2.509280229039735199e-22
2.445778801065701033e-22 2.445756588755139563e-22
2.340291973498425440e-22 2.340276635913795753e-22
2.310882228217488741e-22 2.310865790968636938e-22
2.280459459201050135e-22 2.280446723152981776e-22
2.332382155496966662e-22 2.332369509958847786e-22
3.258118663071111022e-22 3.258107298728709529e-22
2.769779085355769934e-22 2.769766290216637816e-22
3.491018041358296213e-22 3.491006902158111442e-22
3.821883241450825695e-22 3.821870842237812285e-22
4.387594727483021831e-22 4.387585493316972874e-22
3.538573579180640719e-22 3.538564247735883436e-22
3.018702840970513659e-22 3.018692973113235999e-22
2.806783213436851500e-22 2.806774002256819218e-22
2.625033702432412661e-22 2.625023928020334786e-22
2.523151114288390394e-22 2.523142382052025145e-22
3.264598845557607047e-22 3.264591051891837066e-22
2.849587890664202407e-22 2.849579477836991924e-22
2.718419816947735431e-22 2.718411676128309652e-22
2.700627918013602253e-22 2.700620959744493263e-22
4.014069342926589229e-22 4.014062084565417861e-22
3.664470751904379366e-22 3.664463998076897573e-22
2.317476287532175642e-22 2.317469702374643690e-22
2.411686831710321524e-22 2.411680146132582468e-22
2.050246392356674156e-22 2.050239751034304710e-22
2.161146104240594552e-22 2.161139307453729903e-22
1.859786119116000707e-22 1.859778774503726923e-22
1.746612626186259830e-22 1.746605643164516620e-22
1.433758210650827191e-22 1.433751727588205870e-22
1.391578858613372120e-22 1.391573885432224614e-22
1.358124009287461936e-22 1.358118704650811341e-22
1.322808279896395029e-22 1.322803815138032416e-22
1.304989021934906305e-22 1.304984411726875970e-22
1.268653596480985871e-22 1.268648874353974061e-22
1.300244438037308830e-22 1.300240099729064422e-22
1.246680238020273249e-22 1.246675631521827315e-22
1.078882843719304842e-22 1.078877677871481031e-22
1.095090580623922673e-22 1.095087121560069760e-22
2.328086511299625516e-22 2.328082688436936712e-22
1.459567209070307972e-22 1.459563782037804137e-22
1.280942581157566500e-22 1.280940209521688854e-22
1.193367003864848245e-22 1.193364556825682700e-22
1.130890400260139053e-22 1.130887883647493653e-22
1.091564535664309310e-22 1.091561766910877961e-22
1.076795486483879036e-22 1.076793584438140444e-22
1.079292555351978164e-22 1.079290685018827496e-22
8.964544045454105550e-23 8.964525432568383289e-23
8.776424626534761398e-23 8.776405970440363550e-23
8.880177435460320731e-23 8.880159144459230315e-23
7.958495607885427961e-23 7.958477556261399416e-23
7.784080266443051239e-23 7.784061854377668328e-23
7.667685328038917114e-23 7.667667812528532220e-23
7.712069811815499947e-23 7.712051623925717700e-23
7.002311740176472692e-23 7.002294564752034206e-23
6.831039174363044363e-23 6.831023474544359250e-23
7.007707622284770730e-23 7.007692070552457697e-23
6.352847496066035900e-23 6.352831906329479164e-23
6.293327000165504616e-23 6.293311296491984438e-23
6.283839512762002173e-23 6.283823534774289213e-23
6.379506124987393063e-23 6.379490107526569222e-23
6.889073881814038182e-23 6.889057370344206701e-23
5.246077826666941499e-23 5.246060619226713012e-23
5.209738690080158476e-23 5.209719871173919094e-23
5.213307561269382219e-23 5.213286096929328134e-23
5.303941663877410896e-23 5.303928525336409038e-23
5.783381144428774353e-23 5.783366710119719658e-23
4.665601828606103029e-23 4.665583109353455183e-23
4.686353907281335388e-23 4.686345088120959977e-23
4.937712060680331116e-23 4.937702892271715559e-23
5.708686540224986531e-23 5.708676388014597086e-23
3.520779709945539593e-23 3.520773208270592345e-23
3.321648017805729546e-23 3.321641514237735045e-23
3.293370681767190559e-23 3.293364154078629735e-23
3.276611489997520615e-23 3.276604888319363951e-23
3.307237988396302407e-23 3.307231090831925980e-23
3.439530487096454120e-23 3.439523980665277466e-23
2.694500810832651738e-23 2.694494185361085285e-23
2.650467339678676975e-23 2.650460529645267461e-23
2.611594335675025327e-23 2.611587242061064246e-23
2.582764675873484340e-23 2.582757100548000904e-23
2.602709017069141799e-23 2.602701167291179838e-23
2.499467382129096133e-23 2.499458196914850147e-23
2.475573000816279162e-23 2.475561593353726740e-23
2.477155492813552750e-23 2.477151674059384974e-23
2.488709869123264698e-23 2.488707048039294975e-23
2.827978063505800437e-23 2.827975190096888752e-23
2.176650430278645698e-23 2.176647443673833065e-23
2.156187357475500885e-23 2.156184303354822802e-23
2.139852061776705262e-23 2.139848696078459234e-23
2.128043652161106253e-23 2.128039503341959159e-23
2.122059756583350394e-23 2.122057871222941023e-23
2.123217170264586210e-23 2.123215520818607922e-23
2.134127667705725735e-23 2.134126049449633941e-23
2.160257059969488641e-23 2.160255435498179117e-23
2.202541943786492323e-23 2.202540378056537753e-23
2.207947863281693496e-23 2.207946313309420844e-23
2.353862048811850866e-23 2.353860501037957186e-23
2.042015375459392738e-23 2.042013838553022795e-23
2.180573012888530756e-23 2.180571481517807039e-23
1.917743137842470160e-23 1.917741602091284670e-23
2.197603738806030841e-23 2.197602192970403330e-23
1.962653287836630643e-23 1.962651724380659022e-23
2.124279506093717756e-23 2.124277914465228449e-23
2.451148861811990967e-23 2.451147225991297886e-23
3.875157750219148811e-23 3.875156042482578567e-23
2.732594536795249584e-23 2.732592689442660356e-23
2.165427913122758600e-23 2.165425881027368948e-23
6.945911172881736214e-24 6.945875468914855900e-24
8.099073668063629664e-24 8.099061735432173496e-24
7.147009566816644831e-24 7.146996754432228764e-24
9.123989200754541611e-24 9.123973413839994411e-24
3.996086439042050727e-24 3.996067984485036584e-24
3.938859514317383173e-24 3.938851931747471904e-24
3.885412361963965419e-24 3.885404604334928874e-24
3.836073863943763045e-24 3.836065837126141800e-24
3.793625609401675579e-24 3.793617152977809018e-24
3.745890754759051705e-24 3.745881541292923210e-24
3.708604790622348037e-24 3.708593871999128241e-24
3.676188712193967806e-24 3.676161512724259020e-24
3.649078039092541244e-24 3.649073037436141442e-24
3.627991427635036190e-24 3.627985784921055374e-24
3.613551953038738325e-24 3.613546548511349377e-24
3.607256392591098419e-24 3.607251630400624334e-24
3.610672428803939642e-24 3.610669398483938548e-24
3.625978423700710521e-24 3.625975364533176601e-24
3.657508656094599384e-24 3.657505484581223550e-24
3.712006384367631451e-24 3.712003521668034160e-24
3.803923039566616746e-24 3.803920165229760563e-24
3.975399763874087880e-24 3.975396866958510326e-24
4.570789692073099416e-24 4.570786760051175894e-24
3.796169594192237416e-24 3.796166603862691524e-24
3.926516899768706526e-24 3.926513811076308180e-24
4.316470167824728232e-24 4.316466840322776704e-24
5.313234037460520830e-24 5.313231009510466223e-24
2.449077159791514200e-24 2.449073997724466438e-24
3.081104174238846779e-24 3.081100700886488134e-24
1.944016417104327727e-24 1.944011987944871824e-24
2.071683586469475327e-24 2.071681446555930617e-24
2.915644775562096951e-24 2.915642556152637584e-24
1.651366813561405380e-24 1.651364464844465588e-24
1.694638704536934586e-24 1.694636352753224071e-24
1.770698868982531420e-24 1.770696337129115695e-24
1.966153069008603178e-24 1.966150251830910283e-24
1.658802779120035175e-24 1.658799434048561373e-24
1.736924071475816835e-24 1.736919263458081288e-24
1.855568955303216998e-24 1.855568453320053587e-24
1.972833540155906759e-24 1.972833012099424209e-24
2.231145871007745887e-24 2.231145268744643102e-24
2.764690972680422025e-24 2.764690414858887758e-24
6.068142743291362462e-24 6.068142127318672938e-24
2.965019359030407051e-24 2.965018633307076573e-24
5.684170717012778746e-25 5.684159849028607355e-25
2.531965523013910378e-25 2.531962682866307848e-25
2.728641402969812276e-25 2.728638205137186712e-25
2.823587168960524489e-25 2.823583327145496673e-25
2.557446870089673730e-25 2.557441404086180572e-25
2.706555673247018355e-25 2.706555671227626049e-25
2.926006681536390564e-25 2.926006679274721526e-25
3.262857385699436050e-25 3.262857384185572895e-25
3.847830367638568861e-25 3.847830366096091602e-25
5.182986507290041279e-25 5.182986505707822210e-25
2.020197297023582704e-24 2.020197296859700425e-24
3.087683155971121637e-27 3.087682983427431022e-27
3.220683261920708796e-27 3.220683073057074935e-27
3.433952225524441126e-27 3.433951855649993678e-27
3.888904377911750595e-27 3.888904216704001168e-27
2.896525030983855322e-27 2.896524856970843046e-27
3.203268406274510704e-27 3.203268212807542242e-27
3.191428498561969991e-27 3.191428271930153206e-27
3.567184657087938505e-27 3.567184358117058893e-27
4.223060002372392948e-27 4.223059250252863547e-27
5.745235231780491878e-27 5.745235231780491878e-27
1.870239395568469815e-25 1.870239395568469815e-25
0.000000000000000000e+00 0.000000000000000000e+00
0.000000000000000000e+00 0.000000000000000000e+00
0.000000000000000000e+00 0.000000000000000000e+00
0.000000000000000000e+00 0.000000000000000000e+00
0.000000000000000000e+00 0.000000000000000000e+00
0.000000000000000000e+00 0.000000000000000000e+00
0.000000000000000000e+00 0.000000000000000000e+00
0.000000000000000000e+00 0.000000000000000000e+00
0.000000000000000000e+00 0.000000000000000000e+00
0.000000000000000000e+00 0.000000000000000000e+00
0.000000000000000000e+00 0.000000000000000000e+00
0.000000000000000000e+00 0.000000000000000000e+00
0.000000000000000000e+00 0.000000000000000000e+00
0.000000000000000000e+00 0.000000000000000000e+00
0.000000000000000000e+00 0.000000000000000000e+00
0.000000000000000000e+00 0.000000000000000000e+00
0.000000000000000000e+00 0.000000000000000000e+00
0.000000000000000000e+00 0.000000000000000000e+00
0.000000000000000000e+00 0.000000000000000000e+00
0.000000000000000000e+00 0.000000000000000000e+00
0.000000000000000000e+00 0.000000000000000000e+00
0.000000000000000000e+00 0.000000000000000000e+00
0.000000000000000000e+00 0.000000000000000000e+00
0.000000000000000000e+00 0.000000000000000000e+00
0.000000000000000000e+00 0.000000000000000000e+00
0.000000000000000000e+00 0.000000000000000000e+00
0.000000000000000000e+00 0.000000000000000000e+00
0.000000000000000000e+00 0.000000000000000000e+00
0.000000000000000000e+00 0.000000000000000000e+00
0.000000000000000000e+00 0.000000000000000000e+00
0.000000000000000000e+00 0.000000000000000000e+00
0.000000000000000000e+00 0.000000000000000000e+00
0.000000000000000000e+00 0.000000000000000000e+00
0.000000000000000000e+00 0.000000000000000000e+00
0.000000000000000000e+00 0.000000000000000000e+00
0.000000000000000000e+00 0.000000000000000000e+00
0.000000000000000000e+00 0.000000000000000000e+00
0.000000000000000000e+00 0.000000000000000000e+00
0.000000000000000000e+00 0.000000000000000000e+00
0.000000000000000000e+00 0.000000000000000000e+00
0.000000000000000000e+00 0.000000000000000000e+00
0.000000000000000000e+00 0.000000000000000000e+00
0.000000000000000000e+00 0.000000000000000000e+00
0.000000000000000000e+00 0.000000000000000000e+00
0.000000000000000000e+00 0.000000000000000000e+00
0.000000000000000000e+00 0.000000000000000000e+00
0.000000000000000000e+00 0.000000000000000000e+00
0.000000000000000000e+00 0.000000000000000000e+00
0.000000000000000000e+00 0.000000000000000000e+00
0.000000000000000000e+00 0.000000000000000000e+00
0.000000000000000000e+00 0.000000000000000000e+00
0.000000000000000000e+00 0.000000000000000000e+00
0.000000000000000000e+00 0.000000000000000000e+00
0.000000000000000000e+00 0.000000000000000000e+00
0.000000000000000000e+00 0.000000000000000000e+00
0.000000000000000000e+00 0.000000000000000000e+00
0.000000000000000000e+00 0.000000000000000000e+00
0.000000000000000000e+00 0.000000000000000000e+00
0.000000000000000000e+00 0.000000000000000000e+00
0.000000000000000000e+00 0.000000000000000000e+00
0.000000000000000000e+00 0.000000000000000000e+00
0.000000000000000000e+00 0.000000000000000000e+00
0.000000000000000000e+00 0.000000000000000000e+00
0.000000000000000000e+00 0.000000000000000000e+00
0.000000000000000000e+00 0.000000000000000000e+00
0.000000000000000000e+00 0.000000000000000000e+00
0.000000000000000000e+00 0.000000000000000000e+00
0.000000000000000000e+00 0.000000000000000000e+00
0.000000000000000000e+00 0.000000000000000000e+00
0.000000000000000000e+00 0.000000000000000000e+00
0.000000000000000000e+00 0.000000000000000000e+00
0.000000000000000000e+00 0.000000000000000000e+00
0.000000000000000000e+00 0.000000000000000000e+00
0.000000000000000000e+00 0.000000000000000000e+00
0.000000000000000000e+00 0.000000000000000000e+00
0.000000000000000000e+00 0.000000000000000000e+00
0.000000000000000000e+00 0.000000000000000000e+00
0.000000000000000000e+00 0.000000000000000000e+00
0.000000000000000000e+00 0.000000000000000000e+00
0.000000000000000000e+00 0.000000000000000000e+00
0.000000000000000000e+00 0.000000000000000000e+00
0.000000000000000000e+00 0.000000000000000000e+00
0.000000000000000000e+00 0.000000000000000000e+00
0.000000000000000000e+00 0.000000000000000000e+00
0.000000000000000000e+00 0.000000000000000000e+00
0.000000000000000000e+00 0.000000000000000000e+00
0.000000000000000000e+00 0.000000000000000000e+00
0.000000000000000000e+00 0.000000000000000000e+00
0.000000000000000000e+00 0.000000000000000000e+00
0.000000000000000000e+00 0.000000000000000000e+00
0.000000000000000000e+00 0.000000000000000000e+00
0.000000000000000000e+00 0.000000000000000000e+00
0.000000000000000000e+00 0.000000000000000000e+00
0.000000000000000000e+00 0.000000000000000000e+00
0.000000000000000000e+00 0.000000000000000000e+00
0.000000000000000000e+00 0.000000000000000000e+00
0.000000000000000000e+00 0.000000000000000000e+00
0.000000000000000000e+00 0.000000000000000000e+00
0.000000000000000000e+00 0.000000000000000000e+00
0.000000000000000000e+00 0.000000000000000000e+00
0.000000000000000000e+00 0.000000000000000000e+00
0.000000000000000000e+00 0.000000000000000000e+00
0.000000000000000000e+00 0.000000000000000000e+00
0.000000000000000000e+00 0.000000000000000000e+00
0.000000000000000000e+00 0.000000000000000000e+00
0.000000000000000000e+00 0.000000000000000000e+00
0.000000000000000000e+00 0.000000000000000000e+00
0.000000000000000000e+00 0.000000000000000000e+00
0.000000000000000000e+00 0.000000000000000000e+00
0.000000000000000000e+00 0.000000000000000000e+00
0.000000000000000000e+00 0.000000000000000000e+00
0.000000000000000000e+00 0.000000000000000000e+00
0.000000000000000000e+00 0.000000000000000000e+00
0.000000000000000000e+00 0.000000000000000000e+00
0.000000000000000000e+00 0.000000000000000000e+00
0.000000000000000000e+00 0.000000000000000000e+00
0.000000000000000000e+00 0.000000000000000000e+00
0.000000000000000000e+00 0.000000000000000000e+00
0.000000000000000000e+00 0.000000000000000000e+00
0.000000000000000000e+00 0.000000000000000000e+00
0.000000000000000000e+00 0.000000000000000000e+00
0.000000000000000000e+00 0.000000000000000000e+00
0.000000000000000000e+00 0.000000000000000000e+00
0.000000000000000000e+00 0.000000000000000000e+00
0.000000000000000000e+00 0.000000000000000000e+00
0.000000000000000000e+00 0.000000000000000000e+00
0.000000000000000000e+00 0.000000000000000000e+00
0.000000000000000000e+00 0.000000000000000000e+00
0.000000000000000000e+00 0.000000000000000000e+00
0.000000000000000000e+00 0.000000000000000000e+00
0.000000000000000000e+00 0.000000000000000000e+00
