5.640633215827097053e+23 0.000000000000000000e+00
5.772006441275583795e+23 0.000000000000000000e+00
5.524808830425257266e+23 0.000000000000000000e+00
5.337077583234205661e+23 0.000000000000000000e+00
5.238877395497343160e+23 0.000000000000000000e+00
5.122898374285523587e+23 0.000000000000000000e+00
5.026883773158468144e+23 0.000000000000000000e+00
4.986202761707656944e+23 0.000000000000000000e+00
4.933904682523757789e+23 0.000000000000000000e+00
5.030715009896574909e+23 0.000000000000000000e+00
4.378837368214957148e+23 0.000000000000000000e+00
4.253325661571716408e+23 0.000000000000000000e+00
4.184535335823288713e+23 0.000000000000000000e+00
4.154645787636895643e+23 0.000000000000000000e+00
3.983934578733903973e+23 0.000000000000000000e+00
3.944626183283625322e+23 0.000000000000000000e+00
3.795850288950177641e+23 0.000000000000000000e+00
3.743061175142494870e+23 0.000000000000000000e+00
3.618599353399442932e+23 0.000000000000000000e+00
3.507847044729178612e+23 0.000000000000000000e+00
3.504684215262442905e+23 0.000000000000000000e+00
3.468421182323221856e+23 0.000000000000000000e+00
3.325707309524872772e+23 0.000000000000000000e+00
3.257393277164563737e+23 0.000000000000000000e+00
3.249590679570405487e+23 0.000000000000000000e+00
3.119620016576366861e+23 0.000000000000000000e+00
3.116794934960570310e+23 0.000000000000000000e+00
3.183461180944329191e+23 0.000000000000000000e+00
2.905708840233815108e+23 0.000000000000000000e+00
2.869748153149638574e+23 0.000000000000000000e+00
2.754237193069043772e+23 0.000000000000000000e+00
2.667745404575045250e+23 0.000000000000000000e+00
2.621681956922482900e+23 0.000000000000000000e+00
2.578050820546375262e+23 0.000000000000000000e+00
2.534167238685497072e+23 0.000000000000000000e+00
2.438063063686704970e+23 0.000000000000000000e+00
2.426887529407903213e+23 0.000000000000000000e+00
2.351174710580629450e+23 0.000000000000000000e+00
2.302874763983174825e+23 0.000000000000000000e+00
2.383046158718669800e+23 0.000000000000000000e+00
2.206998169333758459e+23 0.000000000000000000e+00
2.148084509094259332e+23 0.000000000000000000e+00
2.095511428890515368e+23 0.000000000000000000e+00
2.102427190544749277e+23 0.000000000000000000e+00
2.021114637079170850e+23 0.000000000000000000e+00
1.989229919579490977e+23 0.000000000000000000e+00
1.974189185995883026e+23 0.000000000000000000e+00
1.916840564451621869e+23 0.000000000000000000e+00
1.945781678564852902e+23 0.000000000000000000e+00
1.878781028766158286e+23 0.000000000000000000e+00
1.746108648245845809e+23 0.000000000000000000e+00
1.759098119492726937e+23 0.000000000000000000e+00
1.703011809029261026e+23 0.000000000000000000e+00
1.684546600103898262e+23 0.000000000000000000e+00
1.608352534413469580e+23 0.000000000000000000e+00
1.580980541775081982e+23 0.000000000000000000e+00
1.530324587908857929e+23 0.000000000000000000e+00
1.503802457175694781e+23 0.000000000000000000e+00
1.475148620544629025e+23 0.000000000000000000e+00
1.437521936741681185e+23 0.000000000000000000e+00
1.395356336159575895e+23 0.000000000000000000e+00
1.364565366767086427e+23 0.000000000000000000e+00
1.333661209248258935e+23 0.000000000000000000e+00
1.311288674574598333e+23 0.000000000000000000e+00
1.297944095376401320e+23 0.000000000000000000e+00
1.258196407434678601e+23 0.000000000000000000e+00
1.232692912788243512e+23 0.000000000000000000e+00
1.233282257865990262e+23 0.000000000000000000e+00
1.188784990713960024e+23 0.000000000000000000e+00
1.151879649172030436e+23 0.000000000000000000e+00
1.186615894221329132e+23 0.000000000000000000e+00
1.108051210076923699e+23 0.000000000000000000e+00
1.094943125167747933e+23 0.000000000000000000e+00
1.046664024686511134e+23 0.000000000000000000e+00
1.043840068266297121e+23 0.000000000000000000e+00
1.064981141779563634e+23 0.000000000000000000e+00
9.550915340563812188e+22 0.000000000000000000e+00
9.256796202504930774e+22 0.000000000000000000e+00
9.063121435849943260e+22 0.000000000000000000e+00
8.900990427391235981e+22 0.000000000000000000e+00
8.700225225988465335e+22 0.000000000000000000e+00
8.561276283001100252e+22 0.000000000000000000e+00
8.230633881669553304e+22 0.000000000000000000e+00
8.116792199817920617e+22 0.000000000000000000e+00
7.877704401165992382e+22 0.000000000000000000e+00
7.634728068980949385e+22 0.000000000000000000e+00
7.454065506861047402e+22 0.000000000000000000e+00
7.328793022455790489e+22 0.000000000000000000e+00
7.254602119731880762e+22 0.000000000000000000e+00
7.025271666924523723e+22 0.000000000000000000e+00
6.922097553101384214e+22 0.000000000000000000e+00
6.706422176998698569e+22 0.000000000000000000e+00
6.520436718760848523e+22 0.000000000000000000e+00
6.449256872177320329e+22 0.000000000000000000e+00
6.587739265484522206e+22 0.000000000000000000e+00
6.396874426032513352e+22 0.000000000000000000e+00
6.624515543186796865e+22 0.000000000000000000e+00
6.134014196542345734e+22 0.000000000000000000e+00
5.973506115278289555e+22 0.000000000000000000e+00
5.858374109917286603e+22 0.000000000000000000e+00
5.642162766547878989e+22 0.000000000000000000e+00
5.545967524859047471e+22 0.000000000000000000e+00
5.486310967125831005e+22 0.000000000000000000e+00
5.273057522751864465e+22 0.000000000000000000e+00
5.115203780688299950e+22 0.000000000000000000e+00
5.063028300517772938e+22 0.000000000000000000e+00
5.175045793862144492e+22 0.000000000000000000e+00
4.798864915817344428e+22 0.000000000000000000e+00
4.699195062164968283e+22 0.000000000000000000e+00
4.569153578554589656e+22 0.000000000000000000e+00
4.472509965612503322e+22 0.000000000000000000e+00
4.309321272950580576e+22 0.000000000000000000e+00
4.336004443575006580e+22 0.000000000000000000e+00
4.193618410551802803e+22 0.000000000000000000e+00
4.094531284101777850e+22 0.000000000000000000e+00
3.934633810539061025e+22 0.000000000000000000e+00
3.844657765897339509e+22 0.000000000000000000e+00
3.753194248446594043e+22 0.000000000000000000e+00
3.701772488058376238e+22 0.000000000000000000e+00
3.627171097018197292e+22 0.000000000000000000e+00
3.536427710475888545e+22 0.000000000000000000e+00
3.421564948635744993e+22 0.000000000000000000e+00
3.345295257801502753e+22 0.000000000000000000e+00
3.271436464450115836e+22 0.000000000000000000e+00
3.174185926809758990e+22 0.000000000000000000e+00
3.174421185042868863e+22 0.000000000000000000e+00
3.052034845202119970e+22 0.000000000000000000e+00
2.975829425305783422e+22 0.000000000000000000e+00
2.950706541620073018e+22 0.000000000000000000e+00
2.814856510204217079e+22 0.000000000000000000e+00
2.806380986697004981e+22 0.000000000000000000e+00
2.749312684550311956e+22 0.000000000000000000e+00
2.696024394477122617e+22 0.000000000000000000e+00
2.618218992220077084e+22 0.000000000000000000e+00
2.576235545823890584e+22 0.000000000000000000e+00
2.570985010925589548e+22 0.000000000000000000e+00
2.422524733964149378e+22 0.000000000000000000e+00
2.412249903926089456e+22 0.000000000000000000e+00
2.355033462429899869e+22 0.000000000000000000e+00
2.295671162757084453e+22 0.000000000000000000e+00
2.270960711645933234e+22 0.000000000000000000e+00
2.238302867559763726e+22 0.000000000000000000e+00
2.123425037636403095e+22 0.000000000000000000e+00
2.088001630582470397e+22 0.000000000000000000e+00
2.026624128611999180e+22 0.000000000000000000e+00
1.964321657383150001e+22 0.000000000000000000e+00
1.944570978162398619e+22 0.000000000000000000e+00
1.900751726965453488e+22 0.000000000000000000e+00
1.858624205980527965e+22 0.000000000000000000e+00
1.816610510183338082e+22 0.000000000000000000e+00
1.783382706883120857e+22 0.000000000000000000e+00
1.748241228419027488e+22 0.000000000000000000e+00
1.688124118243848539e+22 0.000000000000000000e+00
1.634887087133435730e+22 0.000000000000000000e+00
1.624540308578399106e+22 0.000000000000000000e+00
1.566350805790289507e+22 0.000000000000000000e+00
1.526644741324380989e+22 0.000000000000000000e+00
1.512309704729236079e+22 0.000000000000000000e+00
1.467312695489811448e+22 0.000000000000000000e+00
1.472016631090504951e+22 0.000000000000000000e+00
1.399563657510642516e+22 0.000000000000000000e+00
1.355152836094525964e+22 0.000000000000000000e+00
1.324315286404508051e+22 0.000000000000000000e+00
1.289150953073849611e+22 0.000000000000000000e+00
1.260083838411070453e+22 0.000000000000000000e+00
1.235036580743061753e+22 0.000000000000000000e+00
1.193426306053056967e+22 0.000000000000000000e+00
1.166157778391401706e+22 0.000000000000000000e+00
1.151767871784996989e+22 0.000000000000000000e+00
1.114524204997509802e+22 0.000000000000000000e+00
1.114536326262897089e+22 0.000000000000000000e+00
1.059596783841340870e+22 0.000000000000000000e+00
1.038999874287966775e+22 0.000000000000000000e+00
1.035629499724163606e+22 0.000000000000000000e+00
9.959679424030115365e+21 0.000000000000000000e+00
9.740984946342974456e+21 0.000000000000000000e+00
9.587716987142182797e+21 0.000000000000000000e+00
9.463677909120871039e+21 0.000000000000000000e+00
9.213993945445006574e+21 0.000000000000000000e+00
8.859268529922699690e+21 0.000000000000000000e+00
8.864395512504036360e+21 0.000000000000000000e+00
8.720228233566199218e+21 0.000000000000000000e+00
8.591963695996130558e+21 0.000000000000000000e+00
8.311614924481476166e+21 0.000000000000000000e+00
8.090127853857566360e+21 0.000000000000000000e+00
7.747121666199103996e+21 0.000000000000000000e+00
7.544679373106425364e+21 0.000000000000000000e+00
7.481991229737044804e+21 0.000000000000000000e+00
7.348430280939077108e+21 0.000000000000000000e+00
7.047886324822748168e+21 0.000000000000000000e+00
6.893247996787404308e+21 0.000000000000000000e+00
6.775839860370370986e+21 0.000000000000000000e+00
6.573639474584449188e+21 0.000000000000000000e+00
6.550338479646718296e+21 0.000000000000000000e+00
6.212389819879316783e+21 0.000000000000000000e+00
6.049237952013227000e+21 0.000000000000000000e+00
5.973069666155571970e+21 0.000000000000000000e+00
5.741976313910606692e+21 0.000000000000000000e+00
5.630542237229852393e+21 0.000000000000000000e+00
5.506633618716521136e+21 0.000000000000000000e+00
5.408503589558836789e+21 0.000000000000000000e+00
5.310390184102617678e+21 0.000000000000000000e+00
5.198917063443472187e+21 0.000000000000000000e+00
5.154528351174759809e+21 0.000000000000000000e+00
5.266500916614548947e+21 0.000000000000000000e+00
4.862610447677267116e+21 0.000000000000000000e+00
4.693405838609238983e+21 0.000000000000000000e+00
4.609036282631146177e+21 0.000000000000000000e+00
4.481824420632793711e+21 0.000000000000000000e+00
4.342163951788224414e+21 0.000000000000000000e+00
4.334496220508782592e+21 0.000000000000000000e+00
4.200805054812170224e+21 0.000000000000000000e+00
4.135224035942835159e+21 0.000000000000000000e+00
4.002279211696256451e+21 0.000000000000000000e+00
3.899568725742422327e+21 0.000000000000000000e+00
3.885486403409131078e+21 0.000000000000000000e+00
3.623104769796852941e+21 0.000000000000000000e+00
3.592462266398974411e+21 0.000000000000000000e+00
3.540976875737370853e+21 0.000000000000000000e+00
3.364598379110181896e+21 0.000000000000000000e+00
3.319206565477963792e+21 0.000000000000000000e+00
3.215247147056091365e+21 0.000000000000000000e+00
3.150801386200488215e+21 0.000000000000000000e+00
3.061044023498676634e+21 0.000000000000000000e+00
3.014771480313659392e+21 0.000000000000000000e+00
2.901176190142507385e+21 0.000000000000000000e+00
2.896744430742803055e+21 0.000000000000000000e+00
2.801707992597873033e+21 0.000000000000000000e+00
2.751733559839658869e+21 0.000000000000000000e+00
2.659912598789942673e+21 0.000000000000000000e+00
2.589614328063398511e+21 0.000000000000000000e+00
2.590072927137086046e+21 0.000000000000000000e+00
2.464527220403554222e+21 0.000000000000000000e+00
2.424201554037480882e+21 0.000000000000000000e+00
2.345101217000232845e+21 0.000000000000000000e+00
2.357289637292805980e+21 0.000000000000000000e+00
2.233157383677488660e+21 0.000000000000000000e+00
2.229918743962138444e+21 0.000000000000000000e+00
2.158528382549930803e+21 0.000000000000000000e+00
2.149551851460778263e+21 0.000000000000000000e+00
2.095414586316259066e+21 0.000000000000000000e+00
1.994942178043471856e+21 0.000000000000000000e+00
1.973518819199749456e+21 0.000000000000000000e+00
1.924585234511579578e+21 0.000000000000000000e+00
1.903831825345145733e+21 0.000000000000000000e+00
1.853221857569700315e+21 0.000000000000000000e+00
1.790933584358065308e+21 0.000000000000000000e+00
1.752254013542477332e+21 0.000000000000000000e+00
1.712578695405050528e+21 0.000000000000000000e+00
1.744935358487751033e+21 0.000000000000000000e+00
1.638862858953577988e+21 0.000000000000000000e+00
1.581210110212215407e+21 0.000000000000000000e+00
1.551690177620881179e+21 0.000000000000000000e+00
1.506886860023257104e+21 0.000000000000000000e+00
1.454555550771584958e+21 0.000000000000000000e+00
1.403016297418672570e+21 0.000000000000000000e+00
1.385857072330027041e+21 0.000000000000000000e+00
1.319542981544799896e+21 0.000000000000000000e+00
1.300224201855536464e+21 0.000000000000000000e+00
1.303624445813913813e+21 0.000000000000000000e+00
1.258467633706323149e+21 0.000000000000000000e+00
1.214187031077684249e+21 0.000000000000000000e+00
1.201129569766205555e+21 0.000000000000000000e+00
1.169867140196905910e+21 0.000000000000000000e+00
1.131136761628877914e+21 0.000000000000000000e+00
1.105378678832734667e+21 0.000000000000000000e+00
1.066209350272093913e+21 0.000000000000000000e+00
1.053394289451381686e+21 0.000000000000000000e+00
1.016141964320791593e+21 0.000000000000000000e+00
9.729128899095055565e+20 0.000000000000000000e+00
9.616945362052053729e+20 0.000000000000000000e+00
9.346822626960185754e+20 0.000000000000000000e+00
9.070507170122422026e+20 0.000000000000000000e+00
8.888675782415397683e+20 0.000000000000000000e+00
8.641106091179211489e+20 0.000000000000000000e+00
8.376706194735693824e+20 0.000000000000000000e+00
8.269192001721515377e+20 0.000000000000000000e+00
7.994601324647440712e+20 0.000000000000000000e+00
7.870044869325870858e+20 0.000000000000000000e+00
7.700000806203874345e+20 0.000000000000000000e+00
7.341319361438023680e+20 0.000000000000000000e+00
7.211304193904360817e+20 0.000000000000000000e+00
7.004408951039599575e+20 0.000000000000000000e+00
6.765717195310921155e+20 0.000000000000000000e+00
6.661780108781322240e+20 0.000000000000000000e+00
6.484673928058137477e+20 0.000000000000000000e+00
6.429676154867791954e+20 0.000000000000000000e+00
6.144686247339153162e+20 0.000000000000000000e+00
6.061532209551043461e+20 0.000000000000000000e+00
5.872948495433958031e+20 0.000000000000000000e+00
5.779810187565321421e+20 0.000000000000000000e+00
5.867300405533498409e+20 0.000000000000000000e+00
5.318428742565802803e+20 0.000000000000000000e+00
5.123075794302063739e+20 0.000000000000000000e+00
4.998162151566890762e+20 0.000000000000000000e+00
4.870052087044796580e+20 0.000000000000000000e+00
4.758759861314725478e+20 0.000000000000000000e+00
4.615701552424233861e+20 0.000000000000000000e+00
4.473114752108404408e+20 0.000000000000000000e+00
4.359913846828367872e+20 0.000000000000000000e+00
4.209943388097692303e+20 0.000000000000000000e+00
4.220212107919635907e+20 0.000000000000000000e+00
4.035622666422789079e+20 0.000000000000000000e+00
3.962300038489192530e+20 0.000000000000000000e+00
3.860703454178978693e+20 0.000000000000000000e+00
3.652416530687783076e+20 0.000000000000000000e+00
3.560478994889255813e+20 0.000000000000000000e+00
3.501725208608855818e+20 0.000000000000000000e+00
3.399170705112282563e+20 0.000000000000000000e+00
3.319266043045602263e+20 0.000000000000000000e+00
3.213993035071157699e+20 0.000000000000000000e+00
3.101931242310377800e+20 0.000000000000000000e+00
3.032650343740922266e+20 0.000000000000000000e+00
2.967654327462814679e+20 0.000000000000000000e+00
2.848384111640186388e+20 0.000000000000000000e+00
2.789422817149516186e+20 0.000000000000000000e+00
2.686397272877103841e+20 0.000000000000000000e+00
2.582386145816253235e+20 0.000000000000000000e+00
2.530597527955277087e+20 0.000000000000000000e+00
2.448397791342501560e+20 0.000000000000000000e+00
2.417139965317884150e+20 0.000000000000000000e+00
2.343598571996674785e+20 0.000000000000000000e+00
2.240483855158731735e+20 0.000000000000000000e+00
2.189148382804547994e+20 0.000000000000000000e+00
2.127085922727315374e+20 0.000000000000000000e+00
2.062396332612427121e+20 0.000000000000000000e+00
2.016395905075967427e+20 0.000000000000000000e+00
1.953666194847789220e+20 0.000000000000000000e+00
1.910521319270870221e+20 0.000000000000000000e+00
1.862883555262345052e+20 0.000000000000000000e+00
1.814437242108809052e+20 0.000000000000000000e+00
1.770672331586078310e+20 0.000000000000000000e+00
1.739133099223654728e+20 0.000000000000000000e+00
1.705632742200325571e+20 0.000000000000000000e+00
1.648011207595250483e+20 0.000000000000000000e+00
1.585948288406243574e+20 0.000000000000000000e+00
1.524509182825819668e+20 3.732900509764571648e+18
1.476239426868166984e+20 4.942775815439205376e+18
1.443449666888326185e+20 6.894708443671064576e+18
1.367988920470447391e+20 7.430389417034818560e+18
1.342816524839699743e+20 9.333643675007574016e+18
1.286455443484354314e+20 8.569846859457016832e+18
1.223764182179511173e+20 8.543054900305334272e+18
1.199746769682424136e+20 9.455449319457597440e+18
1.145407166381442499e+20 9.597549470682525696e+18
1.124733707741058007e+20 9.926662702874566656e+18
1.099315073472827556e+20 1.043989781452824986e+19
1.044023437287715471e+20 9.937858723426500608e+18
1.023210947453844685e+20 9.900423551731392512e+18
9.841968733293828506e+19 1.051958785168236339e+19
9.605330138060051251e+19 1.050558433364225024e+19
9.430205910314334618e+19 1.192203515742704230e+19
9.123020139525246157e+19 1.070396234834874573e+19
8.864476993447629619e+19 1.114645142998454477e+19
8.431684932811528602e+19 1.092360904335185920e+19
8.164032053488559718e+19 1.074681017186649907e+19
7.871666448801208730e+19 1.071707632570542899e+19
7.658483369412303258e+19 1.067129276263169434e+19
7.517858168499745587e+19 1.076151638251959501e+19
7.248377640256888832e+19 1.126727357495782195e+19
6.989379895312017818e+19 1.048253717706395648e+19
6.749660483631480832e+19 1.026094389496188109e+19
6.519653745815831347e+19 1.006715611312790528e+19
6.365941543360497254e+19 1.025899567819593933e+19
6.197897635911358874e+19 9.881281379203008512e+18
6.026346953875061146e+19 1.003602866534022963e+19
5.879859909896632730e+19 9.861509072050571264e+18
5.524057188476601139e+19 9.651187465312389120e+18
5.420217748892966093e+19 9.631079937323360256e+18
5.302441537302353510e+19 9.815658621065981952e+18
5.023265195019236147e+19 1.004816798178384896e+19
4.985491819055878144e+19 9.821814419074150400e+18
4.744755969469562880e+19 1.009136031584114074e+19
4.504517817403078246e+19 9.549612480645591040e+18
4.374041327960643174e+19 9.223896337251921920e+18
4.186182038308622336e+19 9.223583412868792320e+18
4.136564027664016998e+19 9.223422012617553920e+18
3.933352421260913050e+19 8.944773807009510400e+18
3.821422641205913190e+19 8.857790833611746304e+18
3.707892939598394982e+19 8.779189845343134720e+18
3.579252262399659622e+19 8.526576006593064960e+18
3.409299722681191629e+19 8.282501929142038528e+18
3.302755434829310362e+19 8.183857949404587008e+18
3.216321486453229158e+19 8.106300471259546624e+18
3.111196635662014054e+19 7.934199737392090112e+18
2.983603605195040768e+19 7.782208513156894720e+18
2.935339094594616934e+19 7.886715408769754112e+18
2.858380985115394458e+19 7.735553275246771200e+18
2.744457249130822861e+19 7.616831418461955072e+18
2.624142476915276595e+19 7.487495912421972992e+18
2.500789324444051866e+19 7.315257427203394560e+18
2.412885625907643597e+19 7.083689710056949760e+18
2.337986767127014605e+19 7.073285852534873088e+18
2.248735654572030771e+19 7.013849333289063424e+18
2.154496147688844902e+19 6.795706363674934272e+18
2.077694394874126336e+19 6.693404884861669376e+18
1.997169450475849318e+19 6.524093658521854976e+18
1.925282422816810189e+19 6.400344652861108224e+18
1.891840120689874125e+19 6.324566539687595008e+18
1.799144187233430323e+19 6.627249041811289088e+18
1.700281339150245069e+19 6.325831937286463488e+18
1.678902813775599821e+19 6.340231072380244992e+18
1.603152725709830144e+19 5.951636573418316800e+18
1.570834030997317222e+19 5.863327241911954432e+18
1.489581047886618624e+19 5.888673201524923392e+18
1.472231055294532608e+19 5.830528990134255616e+18
1.402329543463752294e+19 5.709765947132725248e+18
1.345165902794789069e+19 5.628775196698333184e+18
1.281314740099332506e+19 5.517611249268308992e+18
1.235919127188530381e+19 5.400895451486546944e+18
1.199034774847803392e+19 5.325807492374590464e+18
1.156848562248898970e+19 5.298385620952609792e+18
1.116896914425613517e+19 5.165261808398456832e+18
1.084483483709770957e+19 5.109075399168637952e+18
1.033975764857303040e+19 5.082969293040256000e+18
9.834679233020459008e+18 4.951884786252808192e+18
9.421036347049635840e+18 4.878432000387299328e+18
9.298914280952299520e+18 4.801240016771531776e+18
8.719153829260237824e+18 4.693821822885558272e+18
8.463754344078256128e+18 4.624630607941410816e+18
8.211798760523807744e+18 4.595041782532448768e+18
7.870468135054328832e+18 4.541218047656596992e+18
7.659148697562547200e+18 4.523193052048061440e+18
7.308968002241336320e+18 4.473745543934880768e+18
7.018006683577405440e+18 4.376516389155985408e+18
6.766355653773113344e+18 4.299260491736824320e+18
6.504758584037401600e+18 4.195808791581886976e+18
6.327947393563297792e+18 4.208259683540279808e+18
6.153859478554245120e+18 4.190436031575502336e+18
5.918210584932303872e+18 4.121254768244931072e+18
5.655658785070922752e+18 4.028922694540861952e+18
5.524156156556833792e+18 4.023222783545068544e+18
5.245946280920365056e+18 3.890821959119000064e+18
5.142875400711433216e+18 3.860626608631854080e+18
5.008971057243405312e+18 3.774547033733113856e+18
4.629732507145376768e+18 3.683572217226121216e+18
4.447478239173888512e+18 3.571532971294978048e+18
4.299430170514205696e+18 3.514215566045243392e+18
4.037114325213435392e+18 3.304615159213234176e+18
3.916196892840457728e+18 3.242922154510934528e+18
3.790039611897439232e+18 3.160721433222181376e+18
3.609756245635761664e+18 3.055225736036612096e+18
3.406465678768377344e+18 2.905662292441300480e+18
3.289897285149691392e+18 2.832727635765978112e+18
3.197477059264684544e+18 2.784979013588430336e+18
3.025010404782595584e+18 2.641867466492577280e+18
2.981991693212227584e+18 2.624368134378754048e+18
2.829643525299859456e+18 2.498528340592452608e+18
2.763655453414159360e+18 2.457859664126478848e+18
2.586375447944827904e+18 2.305591847641262336e+18
2.451437088177457152e+18 2.191570853564447744e+18
2.409957317271567360e+18 2.178765041267066624e+18
2.331539422567396864e+18 2.107857410659939072e+18
2.213714977978489600e+18 2.017139893291930624e+18
2.136587310689252864e+18 1.952637565899850752e+18
2.014123687135326464e+18 1.845676470851273216e+18
1.947337267925903360e+18 1.793549763785633536e+18
1.868230229708226560e+18 1.724192535216096000e+18
1.808701581709214720e+18 1.677719278802403584e+18
1.691330543886241024e+18 1.574410067183462144e+18
1.642803932817331200e+18 1.533280753606080256e+18
1.606634004520110848e+18 1.506106147041174272e+18
1.523726474258773248e+18 1.431958647557375488e+18
1.450502270291606272e+18 1.364648729254193408e+18
1.420408240053575168e+18 1.344398318325575936e+18
1.371863451041331200e+18 1.300003487342473472e+18
1.310437580115175936e+18 1.244750666057436416e+18
1.264587525525274112e+18 1.203279461996859136e+18
1.243989790193216000e+18 1.187535367479520256e+18
1.108431729889193856e+18 1.057242030213209600e+18
1.117439195619195008e+18 1.069238784707810560e+18
1.046125119682873856e+18 1.003144777369590656e+18
1.004114276789042560e+18 9.634278807771709440e+17
9.491002867162300160e+17 9.112069431312263680e+17
9.078070456385364480e+17 8.714034246659709440e+17
8.764251154332677120e+17 8.426756966693195520e+17
8.329026409624409600e+17 8.017699181187518720e+17
8.158630251384029440e+17 7.890757050325524480e+17
7.651438094469886720e+17 7.399988110316732160e+17
7.398063842883048960e+17 7.165661847635573760e+17
7.161702225699673600e+17 6.949183427816623360e+17
6.833919921126430720e+17 6.629791903266181120e+17
6.513704026266287360e+17 6.326936829220320000e+17
6.149120028600977920e+17 5.977659652102534400e+17
6.002981410764977920e+17 5.843354265338461440e+17
5.574383153848647040e+17 5.432714082466559360e+17
5.532622962718938240e+17 5.399801628667898880e+17
5.327006124415489920e+17 5.201359283565020800e+17
5.027100914924804480e+17 4.908585300235792000e+17
5.328493198389792640e+17 5.218479521239001600e+17
4.943115209180790400e+17 4.839962227801439360e+17
4.872835371666414720e+17 4.779648524804707840e+17
4.607508929971122560e+17 4.518581444515635200e+17
4.530535130804221440e+17 4.444351779581528320e+17
3.826487953780945280e+17 3.750833553874364800e+17
3.720283975749133440e+17 3.650105174191438720e+17
3.568509702144209280e+17 3.503897342963242240e+17
3.370217129966748160e+17 3.310757217707134720e+17
3.269335219095702400e+17 3.213099878918869120e+17
3.193774757733871360e+17 3.143771885215409280e+17
3.013156700258944000e+17 2.965145128383349120e+17
2.863742610321021760e+17 2.817695311606041280e+17
2.808113419277900480e+17 2.765874005573828800e+17
2.766289577963509120e+17 2.727505749728709120e+17
2.513437709507009600e+17 2.476412263252232960e+17
2.424230586564163200e+17 2.390160318040244160e+17
2.324692375160446080e+17 2.293123892243136960e+17
2.255758013868511680e+17 2.226827916161207360e+17
2.038609430879165760e+17 2.012139115198793600e+17
2.057551770129041920e+17 2.033496638364994880e+17
1.913707308652561600e+17 1.890890498717889920e+17
1.796727989087626880e+17 1.774682143782666560e+17
1.768280552422991040e+17 1.747699224305687360e+17
1.663746583715545280e+17 1.645096438572992000e+17
1.585333050353470080e+17 1.566945068640752640e+17
1.564605904354993920e+17 1.548261682540378240e+17
1.428159631503327200e+17 1.412556104010334560e+17
1.393908638477640320e+17 1.379294231763054720e+17
1.266142356534098080e+17 1.252827253220787840e+17
1.266863884015186880e+17 1.254083912858962560e+17
1.238241793617589280e+17 1.226483094224123840e+17
1.171337082123283360e+17 1.160347926015441280e+17
1.081117848656032000e+17 1.070765144361002240e+17
1.077933971536804160e+17 1.068799803035585440e+17
9.597932021008640000e+16 9.516459374072686400e+16
9.405161815220368000e+16 9.329482806616441600e+16
9.127638906029536000e+16 9.056583245591411200e+16
9.182561829020473600e+16 9.116276151772118400e+16
8.517020660161390400e+16 8.455862503545081600e+16
7.846751885323140800e+16 7.788671851643355200e+16
7.295350384092896000e+16 7.237590850533062400e+16
7.166452846204861600e+16 7.115547048533097600e+16
6.726397724975884800e+16 6.679586163109408000e+16
6.343124273009403200e+16 6.299629206963172000e+16
6.071577707925796000e+16 6.030277950184768800e+16
6.548233854246399200e+16 6.512292958768055200e+16
5.950280217834778400e+16 5.916099448540054400e+16
6.150762342728080800e+16 6.118279642631072800e+16
5.926963382448805600e+16 5.896681196130256800e+16
6.077586146091484800e+16 6.047660914898550400e+16
5.274541487034371200e+16 5.248070841023252000e+16
4.532300719056551200e+16 4.507912085976509600e+16
4.217535096620058400e+16 4.193159412584074400e+16
4.086020319282941600e+16 4.063178172590141600e+16
3.845871831089056800e+16 3.824254035400720800e+16
5.185927083899364800e+16 5.166652115303536800e+16
3.656445662714938400e+16 3.638981462093819200e+16
4.025923182736724800e+16 4.008880772062732000e+16
3.514280521599414000e+16 3.498752630307136800e+16
3.064920026266889600e+16 3.049576153928630800e+16
3.011860957176706400e+16 2.997754307124676000e+16
3.027682647850500000e+16 3.015018273254746800e+16
2.995286739310092400e+16 2.982348367885972000e+16
3.167497037558827200e+16 3.156673894505063200e+16
3.169911909573268000e+16 3.159419595904584800e+16
2.517759752626003200e+16 2.508341818988134400e+16
2.449740930117534000e+16 2.440687088829695600e+16
2.286426314052075200e+16 2.277689374581212800e+16
2.115227013560525200e+16 2.107151738990076000e+16
2.051617936423297600e+16 2.043511775243700800e+16
1.900109770911751200e+16 1.893066072926343600e+16
2.014075865842206400e+16 2.007300086117072800e+16
1.749119537562640200e+16 1.742949949674758600e+16
1.681653540938452800e+16 1.675904287465867000e+16
1.573532377614102800e+16 1.568129595021943200e+16
1.547786643514164200e+16 1.542432618091964200e+16
1.489810906001774000e+16 1.484898359069291000e+16
1.374878317233080800e+16 1.370479531710654800e+16
1.302368923208176200e+16 1.298153582691158000e+16
1.328241422658506600e+16 1.324330918658910600e+16
1.464078465721184200e+16 1.460307911713792200e+16
1.269551166761374200e+16 1.266106106752975000e+16
1.339896066088184000e+16 1.336572944591800800e+16
1.340504329382555600e+16 1.337355257574539000e+16
1.532835515368071200e+16 1.529892674142788600e+16
1.096280244722492000e+16 1.093541051646320400e+16
1.037377142144675000e+16 1.034946243013184800e+16
9.785058236961854000e+15 9.762894618023306000e+15
9.719113375636104000e+15 9.697405404164438000e+15
8.978862520662352000e+15 8.958438093097819000e+15
8.515088519768803000e+15 8.496241072959845000e+15
7.707327209700859000e+15 7.689439460405374000e+15
7.289142277918371000e+15 7.272452820417928000e+15
7.311362038371335000e+15 7.296183618816659000e+15
6.813685930861913000e+15 6.799133896094439000e+15
6.576119168492171000e+15 6.562513148467221000e+15
6.388144709591380000e+15 6.375204574146383000e+15
6.002484106195640000e+15 5.990725450654079000e+15
5.960822131990591000e+15 5.950293590803028000e+15
6.846467820595174000e+15 6.836144019932384000e+15
6.164968893221897000e+15 6.154107878555299000e+15
4.974029247167031000e+15 4.965698193526486000e+15
4.594454274267043000e+15 4.585690358637063000e+15
4.572295998218033000e+15 4.565281252743463000e+15
4.312889234571076000e+15 4.306442251674684000e+15
4.268732994235993000e+15 4.262511940283975000e+15
4.411648263093841500e+15 4.405508898173710000e+15
4.457753596444672000e+15 4.452129953460398500e+15
4.557384773952325000e+15 4.552004848539990000e+15
3.830251718513750500e+15 3.825084927764877000e+15
4.305672653365092500e+15 4.300536406025398000e+15
3.708780683808184500e+15 3.703745578575471000e+15
3.229130839387227000e+15 3.225291625161224000e+15
3.170685993095020500e+15 3.166851177412853500e+15
3.122893273388957000e+15 3.119393756776162500e+15
3.051584394333162000e+15 3.048092781471946500e+15
2.758307236573881000e+15 2.754899713155439000e+15
2.602095581961368500e+15 2.598845833077967500e+15
2.386359220644828500e+15 2.383266067579708000e+15
2.566709917971086500e+15 2.563761768362615000e+15
2.533219080578914000e+15 2.530750990435645500e+15
2.486955539514363500e+15 2.484597156321535000e+15
3.562865308789634000e+15 3.560600431047907000e+15
2.632289365872753000e+15 2.629962220527240000e+15
2.165392436701720750e+15 2.163363919460746000e+15
2.194161103051921000e+15 2.192202449051633500e+15
1.909365525838879500e+15 1.907529618969073000e+15
1.813836624944810750e+15 1.812340086703086250e+15
1.926235664837963000e+15 1.924795697861851500e+15
1.641079132266815250e+15 1.639703629371569250e+15
1.458898978636828500e+15 1.457608126344718000e+15
2.099686068913057250e+15 2.098448354418865500e+15
2.058287905498053750e+15 2.057191945353547000e+15
1.951123921066548750e+15 1.950102386614113500e+15
1.488413515451028250e+15 1.487321700299029500e+15
1.417327792608316500e+15 1.416424101011573500e+15
1.344358159961019000e+15 1.343501406353491000e+15
1.383086224603588250e+15 1.382209087881639000e+15
1.302636903411388750e+15 1.301787897274248000e+15
1.309677143046528000e+15 1.308899494770338500e+15
1.361942183264405000e+15 1.361182386992983250e+15
9.693830678422121250e+14 9.685927518932863750e+14
9.217120699418721250e+14 9.210319573669393750e+14
9.255753696540630000e+14 9.250621375030925000e+14
8.678919849651192500e+14 8.673048787227926250e+14
9.187999138648425000e+14 9.183476714321915000e+14
7.954228381324096250e+14 7.949699387648462500e+14
7.775722801774978750e+14 7.771655153487608750e+14
7.495273749063461250e+14 7.491297737035475000e+14
6.966819847623495000e+14 6.962921186837217500e+14
7.652147024477847500e+14 7.648494945689913750e+14
6.762438333714682500e+14 6.758916837092932500e+14
8.022766586483718750e+14 8.019552095432348750e+14
6.134059677098300000e+14 6.130537960370666250e+14
7.551787829077543750e+14 7.548859593526040000e+14
5.959949541635583750e+14 5.956943535257420000e+14
5.870312115577835000e+14 5.867868826515347500e+14
5.201204901916391875e+14 5.198609005629913750e+14
5.033259206593323125e+14 5.031037154902302500e+14
4.477807556110532500e+14 4.475691228202325625e+14
4.248809343237018125e+14 4.246491594119189375e+14
4.039817202274662500e+14 4.037893626750305000e+14
3.922182087634488750e+14 3.920397993486851250e+14
3.767020342124945625e+14 3.765430390100909375e+14
3.611669881568947500e+14 3.610215065887636875e+14
3.262193630697564375e+14 3.260783906000415625e+14
3.312093310673140625e+14 3.310669076495227500e+14
3.959049523266801250e+14 3.957811661233685000e+14
3.368573197830995625e+14 3.367382775654823750e+14
3.554290108697590000e+14 3.553057601310282500e+14
3.021261334887233125e+14 3.020213646819995000e+14
2.794296018325071562e+14 2.793259351377705938e+14
2.690309066673718750e+14 2.689277765200308438e+14
2.805920564525371250e+14 2.805061325243831562e+14
2.410464046104917500e+14 2.409553949478663750e+14
2.689275559304054062e+14 2.688357696168556250e+14
2.505427083207637812e+14 2.504636878073160000e+14
3.250117779943713125e+14 3.249345044050050000e+14
2.334336264544429062e+14 2.333653665007318125e+14
2.269399369749284375e+14 2.268865645534105312e+14
1.829755624522698438e+14 1.829210609229903750e+14
1.774722991714344375e+14 1.774165921758173125e+14
1.583550535389177500e+14 1.582980841826392188e+14
1.763341791567070938e+14 1.762854390644735312e+14
1.837240391803038125e+14 1.836878002263307812e+14
1.626876733359160000e+14 1.626503013557937812e+14
1.612039286796164688e+14 1.611684723959874062e+14
1.413429704840539375e+14 1.413059465848133125e+14
1.450658463565625000e+14 1.450256627479604375e+14
1.558861917331770625e+14 1.558514264237189375e+14
1.231663909455316406e+14 1.231359215190750781e+14
1.244883849236440781e+14 1.244614347383310781e+14
1.173288068380999844e+14 1.173037912210298438e+14
1.001653071034484844e+14 1.001409704536378750e+14
1.073235672298280938e+14 1.072979049199326875e+14
1.166874329692709219e+14 1.166656578711595312e+14
8.740807715765253125e+13 8.738581755170875000e+13
8.079956623518337500e+13 8.077620303243207812e+13
1.305495585743576875e+14 1.305253566140228594e+14
8.943567494942537500e+13 8.941387205707078125e+13
1.077634640517421406e+14 1.077384402061356562e+14
8.343987636649143750e+13 8.342535886041157812e+13
8.026994671536287500e+13 8.025388930223009375e+13
7.557852188280706250e+13 7.556083885035579688e+13
6.020694827333043750e+13 6.019367051823742188e+13
5.623597732275189062e+13 5.622540455315588281e+13
5.575428777566260156e+13 5.574409445945346094e+13
5.721929029690445312e+13 5.720944897602509375e+13
5.715249219716386719e+13 5.714364494805987500e+13
5.161854348601931250e+13 5.161137869465621875e+13
6.578701181771121094e+13 6.577952500653017188e+13
5.367230857375714844e+13 5.366563461196519531e+13
4.980619838782052344e+13 4.980084072059278906e+13
5.898829896854342969e+13 5.898301339902630469e+13
6.391119138747098438e+13 6.390574988518669531e+13
5.015125299060278125e+13 5.014562484702489844e+13
4.745351421853171875e+13 4.744821305828927344e+13
5.026008316730798438e+13 5.025495771272404688e+13
4.775195840982701562e+13 4.774665379913246094e+13
3.293093749597474609e+13 3.292689484505755078e+13
3.209678221611367969e+13 3.209311569570555859e+13
3.466210602425541797e+13 3.465786580144514844e+13
3.664965139730367969e+13 3.664617988802042188e+13
3.064906774476050391e+13 3.064532238674850000e+13
2.960680583201083594e+13 2.960389277012700391e+13
2.748049251502903516e+13 2.747767703747614453e+13
3.171952735330442969e+13 3.171677896138835938e+13
3.044863008023178516e+13 3.044577848379184766e+13
2.889618649565596875e+13 2.889345442215025781e+13
2.138069306735627344e+13 2.137782874845072656e+13
3.017246433737772266e+13 3.017022791090936719e+13
2.566581305743376172e+13 2.566342076361621094e+13
2.470395058078591797e+13 2.470182596944100781e+13
4.324431793067514844e+13 4.324230042408778125e+13
2.031382484201428125e+13 2.031185552935351953e+13
1.764855699277668359e+13 1.764654055693480859e+13
1.904443594532751172e+13 1.904208644474360938e+13
1.915169229712228906e+13 1.914968875563952734e+13
1.921860809962994141e+13 1.921679296885840625e+13
2.080627727165987109e+13 2.080418266462132031e+13
2.047907412242162500e+13 2.047696179723916016e+13
1.380898725393780078e+13 1.380772542787827539e+13
1.363798086513230664e+13 1.363662126664772852e+13
1.178853918263579102e+13 1.178705327114335938e+13
1.237038236593509961e+13 1.236937464636009961e+13
1.093804371243653711e+13 1.093709353852305664e+13
1.160933075144799219e+13 1.160819400614268555e+13
1.351228877440954492e+13 1.351141281097462695e+13
1.067919335358799219e+13 1.067834814844581445e+13
1.060355372788233789e+13 1.060278553517572461e+13
1.020176929587207227e+13 1.020084928392085742e+13
1.131678840426740039e+13 1.131612578341473242e+13
9.971736775214369141e+12 9.971022510384433594e+12
1.106287337810866211e+13 1.106198373711461328e+13
8.999435021556189453e+12 8.998956490798587891e+12
8.003354627927948242e+12 8.002816040544110352e+12
8.027301376203638672e+12 8.026914185718894531e+12
6.371104462190282227e+12 6.370631802090636719e+12
6.813178850709065430e+12 6.812852022215363281e+12
6.880719355118395508e+12 6.880386379235731445e+12
7.412805183734035156e+12 7.412476003278890625e+12
7.904728314275754883e+12 7.904349519773781250e+12
6.452395321961560547e+12 6.451965760875434570e+12
6.003860189288806641e+12 6.003614636901660156e+12
6.655772098745832031e+12 6.655561603066984375e+12
7.781300402703033203e+12 7.781056793611895508e+12
5.866035972361025391e+12 5.865805750525330078e+12
5.430268940489193359e+12 5.430107417601549805e+12
4.690674112735127930e+12 4.690498145756734375e+12
4.689485266931280273e+12 4.689312584021848633e+12
3.615871105467607422e+12 3.615682679783048340e+12
4.115459190569930664e+12 4.115296824922006348e+12
3.644134814247732910e+12 3.643945232331918457e+12
3.198522101618720215e+12 3.198370702770819336e+12
3.467523709311689453e+12 3.467362811345921387e+12
3.912208358595280273e+12 3.912026945395946777e+12
4.108198900847791016e+12 4.107983228024350586e+12
3.413952551683402832e+12 3.413798586862939941e+12
2.854949638573199219e+12 2.854847611381683594e+12
4.141277616852915039e+12 4.141157842974879883e+12
4.090480940458373535e+12 4.090380107880266602e+12
3.732366143139999023e+12 3.732280568183773438e+12
3.623299252725249512e+12 3.623248664532799805e+12
3.592571854259428223e+12 3.592525115303722168e+12
2.063659539572636719e+12 2.063612861664043701e+12
2.038062650075823975e+12 2.038056569422619873e+12
1.956199472213056641e+12 1.956192246954354980e+12
1.975564605626317627e+12 1.975559769862818359e+12
2.429242263207064941e+12 2.429242262290304688e+12
1.680259424872269043e+12 1.680259424872269043e+12
1.452251394857255127e+12 1.452251394857255127e+12
1.567024473666751709e+12 1.567024473666751709e+12
1.319798311217489502e+12 1.319798311217489502e+12
1.309411786343833008e+12 1.309411786343833008e+12
1.227160110876084961e+12 1.227160110876084961e+12
1.074312656591149658e+12 1.074312656591149658e+12
1.110752048053407227e+12 1.110752048053407227e+12
1.051178574272333862e+12 1.051178574272333862e+12
1.106587991043266357e+12 1.106587991043266357e+12
1.075280948751174683e+12 1.075280948751174683e+12
1.011223216141865356e+12 1.011223216141865356e+12
2.016824546905452637e+12 2.016824546905452637e+12
1.080478080372223999e+12 1.080478080372223999e+12
1.093054485310005493e+12 1.093054485310005493e+12
1.064154163520974121e+12 1.064154163520974121e+12
2.363345474439106934e+12 2.363345474439106934e+12
1.967628049251061035e+12 1.967628049251061035e+12
2.130612659981448486e+12 2.130612659981448486e+12
2.191043054695133789e+12 2.191043054695133789e+12
1.159098558293296387e+12 1.159098558293296387e+12
1.046369339780882446e+12 1.046369339780882446e+12
8.308996731125809326e+11 8.308996731125809326e+11
7.373163321647095947e+11 7.373163321647095947e+11
8.255325358907668457e+11 8.255325358907668457e+11
7.787254933156939697e+11 7.787254933156939697e+11
8.677369406235660400e+11 8.677369406235660400e+11
6.968806236142730713e+11 6.968806236142730713e+11
1.075419671095166748e+12 1.075419671095166748e+12
8.762357813512174072e+11 8.762357813512174072e+11
8.967187886745649414e+11 8.967187886745649414e+11
6.733812665563616943e+11 6.733812665563616943e+11
6.382340028144189453e+11 6.382340028144189453e+11
6.730795880988374023e+11 6.730795880988374023e+11
6.226320766304871826e+11 6.226320766304871826e+11
7.908425167387752686e+11 7.908425167387752686e+11
5.357488818644780273e+11 5.357488818644780273e+11
3.731417339250187988e+11 3.731417339250187988e+11
4.167504906995705566e+11 4.167504906995705566e+11
4.479219671353781128e+11 4.479219671353781128e+11
3.619195477854200439e+11 3.619195477854200439e+11
3.728955332892996216e+11 3.728955332892996216e+11
3.149190800862362671e+11 3.149190800862362671e+11
4.436114468825384521e+11 4.436114468825384521e+11
3.644940355883811646e+11 3.644940355883811646e+11
3.668987820144522095e+11 3.668987820144522095e+11
6.639364310528822021e+11 6.639364310528822021e+11
2.144569122827185669e+11 2.144569122827185669e+11
2.947938898824816895e+11 2.947938898824816895e+11
3.098005957239441528e+11 3.098005957239441528e+11
2.562719968432699890e+11 2.562719968432699890e+11
4.846031051314399414e+11 4.846031051314399414e+11
2.872156928667198486e+11 2.872156928667198486e+11
2.817271668173885498e+11 2.817271668173885498e+11
1.941736603659476013e+11 1.941736603659476013e+11
1.802497894320957642e+11 1.802497894320957642e+11
1.840842616653941956e+11 1.840842616653941956e+11
1.770640604930180054e+11 1.770640604930180054e+11
1.801181794952328186e+11 1.801181794952328186e+11
1.883929770607734680e+11 1.883929770607734680e+11
1.831909913944436951e+11 1.831909913944436951e+11
1.490370226953588562e+11 1.490370226953588562e+11
1.156157824394091034e+11 1.156157824394091034e+11
1.118444466540206757e+11 1.118444466540206757e+11
1.071463329990383453e+11 1.071463329990383453e+11
1.098940722868346405e+11 1.098940722868346405e+11
1.111879674010997467e+11 1.111879674010997467e+11
1.299702298241702118e+11 1.299702298241702118e+11
7.869717767898533630e+10 7.869717767898533630e+10
8.400306714497563171e+10 8.400306714497563171e+10
8.212416083829040527e+10 8.212416083829040527e+10
7.992746740874499512e+10 7.992746740874499512e+10
5.800795063631449890e+10 5.800795063631449890e+10
5.293318838725685883e+10 5.293318838725685883e+10
5.310027182626255798e+10 5.310027182626255798e+10
5.678501233342707062e+10 5.678501233342707062e+10
4.654323292836700439e+10 4.654323292836700439e+10
4.980998004404159546e+10 4.980998004404159546e+10
4.180034128278213501e+10 4.180034128278213501e+10
4.595453142539559174e+10 4.595453142539559174e+10
4.343055626539283752e+10 4.343055626539283752e+10
3.897089130855773926e+10 3.897089130855773926e+10
4.269444828773928833e+10 4.269444828773928833e+10
4.442259211222576904e+10 4.442259211222576904e+10
2.507598274017986298e+10 2.507598274017986298e+10
2.734807599532222366e+10 2.734807599532222366e+10
2.319130881835536957e+10 2.319130881835536957e+10
2.479239660122733307e+10 2.479239660122733307e+10
2.258687882693386459e+10 2.258687882693386459e+10
2.379701734751606369e+10 2.379701734751606369e+10
2.618162334781719589e+10 2.618162334781719589e+10
3.440444417893615723e+10 3.440444417893615723e+10
1.811948000720082474e+10 1.811948000720082474e+10
7.957552025669045410e+11 7.957552025669045410e+11
5.224811640209742432e+11 5.224811640209742432e+11
4.501636143651237183e+11 4.501636143651237183e+11
4.343668274271315918e+11 4.343668274271315918e+11
4.645764637546343384e+11 4.645764637546343384e+11
6.046919693947973633e+11 6.046919693947973633e+11
2.046292830790575504e+09 2.046292830790575504e+09
4.752100266799812317e+09 4.752100266799812317e+09
4.758534082572896659e-20 4.758007663383905980e-20
4.079828102305197510e-20 4.079403773523239425e-20
3.359361923051492986e-20 3.358980247315294234e-20
3.187347299116172852e-20 3.186881789733017095e-20
3.117133049568658830e-20 3.116828691663332359e-20
2.873524895651488215e-20 2.873215294277143861e-20
3.114175709804355463e-20 3.113857208056527015e-20
3.085253214116483441e-20 3.084882146569281545e-20
3.000183087556211659e-20 2.999874847510136751e-20
2.783151708171815361e-20 2.782644211468825700e-20
2.996276047628073144e-20 2.996046760210070464e-20
2.885321753158145573e-20 2.885091118419919065e-20
2.704769537102131119e-20 2.704575502011072644e-20
3.591606294395367147e-20 3.591414156696703956e-20
3.489104616488708850e-20 3.488906828885314931e-20
2.834657986033239958e-20 2.834460397997713735e-20
3.708490367041167717e-20 3.708277456585540363e-20
3.041626074201007040e-20 3.041452224434308181e-20
2.598424690010197698e-20 2.598267286027329243e-20
2.913313846088794812e-20 2.913156159799694777e-20
2.676295316778533035e-20 2.676143636141467199e-20
2.548685743042008158e-20 2.548529124597484450e-20
2.535366423823426206e-20 2.535127002432616818e-20
2.235069167704565486e-20 2.234926942620490300e-20
2.021291398120077585e-20 2.021132624430357203e-20
2.302383641308072611e-20 2.302255674235210926e-20
1.841858534189507197e-20 1.841746170936530566e-20
1.934674707853876876e-20 1.934583121431242050e-20
1.839891271889253082e-20 1.839802802883158338e-20
1.630565545794857579e-20 1.630482599886450275e-20
1.533735267231740213e-20 1.533638236708027056e-20
1.661768077043552682e-20 1.661695924341880637e-20
1.940700274097932725e-20 1.940627844235389883e-20
1.700614210286410431e-20 1.700541643488347589e-20
1.507503302807676067e-20 1.507432327880098281e-20
1.437846391811159788e-20 1.437772130730340985e-20
1.552631911232751134e-20 1.552563392973656373e-20
1.388200790405438884e-20 1.388141041657987697e-20
1.417032250615532736e-20 1.416971389269483047e-20
1.292119977330748530e-20 1.292061186970665229e-20
1.168523738394109108e-20 1.168470626159958855e-20
1.149825470145815081e-20 1.149772595496106324e-20
1.000531843657789253e-20 1.000478311494032363e-20
1.043508147303585260e-20 1.043453273085106038e-20
9.495813444081155770e-21 9.495307472112367335e-21
9.648478441182610002e-21 9.647967934476955420e-21
1.069410678169512510e-20 1.069358343452923035e-20
9.251621279714443275e-21 9.251066282746093708e-21
1.173157121380468182e-20 1.173087219947520155e-20
1.183147775048805928e-20 1.183107724082625997e-20
1.058379502732490921e-20 1.058338843365607149e-20
9.463804555084306351e-21 9.463388735701108951e-21
9.526909733275793165e-21 9.526361611194462964e-21
1.134888560804950813e-20 1.134854381139466584e-20
1.046461490711466821e-20 1.046428419133487874e-20
8.505066004231772664e-21 8.504737040986354566e-21
1.306032328692909221e-20 1.305999523865709617e-20
1.055948313876651844e-20 1.055915505358669608e-20
1.424315342259673277e-20 1.424282359281778570e-20
9.885367252559856245e-21 9.885035819146108551e-21
9.104985040138650345e-21 9.104647695873198568e-21
8.540475805595539671e-21 8.540128011837671209e-21
8.278687752088148412e-21 8.278314880919768207e-21
1.713396618441652816e-20 1.713363834793493896e-20
9.851935045566857628e-21 9.851640431602562697e-21
8.344326969141859906e-21 8.344011459005282959e-21
9.775696284597619250e-21 9.775402889599455892e-21
8.375653670874336714e-21 8.375399483607657544e-21
8.165877383805357805e-21 8.165613066065784066e-21
7.369142940695206119e-21 7.368854168302682640e-21
7.065063541562945703e-21 7.064817813757189457e-21
7.031177974520028675e-21 7.030913975493311830e-21
7.317357979833918239e-21 7.317054747025560191e-21
6.063745361095243873e-21 6.063257590969602529e-21
5.694115451867403981e-21 5.693987717243962094e-21
5.872259943299906921e-21 5.872134308943143026e-21
5.374258764603149207e-21 5.374132038981947908e-21
5.440807836603183013e-21 5.440679122231841497e-21
5.610339115872369040e-21 5.610207044829099797e-21
4.912561215953430717e-21 4.912423230260787603e-21
4.955350828613578424e-21 4.955204866733081443e-21
4.245156461610177199e-21 4.244985439174873494e-21
3.965986404266479747e-21 3.965849744926738160e-21
3.698418795178121706e-21 3.698300940670717584e-21
3.544982574230424562e-21 3.544911238781994582e-21
4.634841005930980054e-21 4.634769559726741841e-21
4.173787386753451600e-21 4.173715279831913733e-21
3.991584949475608671e-21 3.991512482932947478e-21
3.232337040239841135e-21 3.232262657100713738e-21
3.372043723265635748e-21 3.371965188165770614e-21
5.520409216155098495e-21 5.520340377512070993e-21
3.191161646394185800e-21 3.191092084921750892e-21
1.209630875508874101e-20 1.209623570985297717e-20
4.704199207991360709e-21 4.704114640011812835e-21
4.043074221412653793e-21 4.043014257196773782e-21
3.760051110055252937e-21 3.759989309746656900e-21
3.545877092318867229e-21 3.545812398034339900e-21
3.695841643331375390e-21 3.695772343916736139e-21
4.746534336472971184e-21 4.746456417777801932e-21
3.762753846910956596e-21 3.762651507334171899e-21
3.614840664838503634e-21 3.614786459800652732e-21
3.227141619795006513e-21 3.227002315486062766e-21
2.782424179004115541e-21 2.782402175514552616e-21
3.925211163857465591e-21 3.925189095452687012e-21
3.122289924639874575e-21 3.122267633445418500e-21
2.875643001673493315e-21 2.875620102174342662e-21
2.727492484382384570e-21 2.727468770845929986e-21
2.638595235094012760e-21 2.638562771576876245e-21
2.599115870777002931e-21 2.599096411764531766e-21
2.235663586012092805e-21 2.235643677326546445e-21
2.161605325793209139e-21 2.161581892704197493e-21
2.097792892451975525e-21 2.097768459735823754e-21
2.044011678887233931e-21 2.043993618409073956e-21
2.006544499927915581e-21 2.006525802254008387e-21
1.936394441807997932e-21 1.936374542194182335e-21
1.903731643693317500e-21 1.903708711639930752e-21
1.882211500513886496e-21 1.882197752745067717e-21
1.878726937393723344e-21 1.878712332214350759e-21
1.908335229793263862e-21 1.908313536722182799e-21
1.919358328769597335e-21 1.919346651619262162e-21
1.671847615581280523e-21 1.671835799482124242e-21
2.737323807160100547e-21 2.737311616235431577e-21
1.893273597137131845e-21 1.893261518711711667e-21
1.743896891615833105e-21 1.743885367206533063e-21
1.663144557688091115e-21 1.663132429069523139e-21
1.612397360992852071e-21 1.612384152058027928e-21
1.581518366247926400e-21 1.581503288760360833e-21
1.569168183757260533e-21 1.569145804452161761e-21
1.583129342913425398e-21 1.583124687150877231e-21
1.657016881941859152e-21 1.657012262753973989e-21
2.014401282390306532e-21 2.014396685575623591e-21
1.346446597273672335e-21 1.346441999805781665e-21
1.416838739504666228e-21 1.416834057858733602e-21
2.029976173553528701e-21 2.029971695027140543e-21
1.233167325092290050e-21 1.233162827404047733e-21
9.534518907105353111e-22 9.534472744926504127e-22
9.796409929579215903e-22 9.796359018700567098e-22
1.078170599303047355e-21 1.078166731918346949e-21
7.952137888182659550e-22 7.952099155161388359e-22
7.915900446428748547e-22 7.915861332771270396e-22
7.963861035555388535e-22 7.963822263807638393e-22
8.261703175092070485e-22 8.261663760956690863e-22
7.078523522182730985e-22 7.078482890663071630e-22
7.195870709263957468e-22 7.195827544660705097e-22
7.790774649563901425e-22 7.790723657038300145e-22
5.906011804457846292e-22 5.905983375744820890e-22
5.780818268941323706e-22 5.780789826686090867e-22
5.720641405903727417e-22 5.720612441412347204e-22
5.680772895392517808e-22 5.680744386785700418e-22
5.622722158556683407e-22 5.622693318100405165e-22
5.610853583557303472e-22 5.610824051740640357e-22
5.628987736278932665e-22 5.628955612709784518e-22
5.702089856263814180e-22 5.702062136166268392e-22
5.709966824431877396e-22 5.709938528345022455e-22
5.977637228324212474e-22 5.977608037824449235e-22
8.321074476187271066e-22 8.321043604749833226e-22
5.276948891548786974e-22 5.276919730124851112e-22
6.278828593129254906e-22 6.278797736012502689e-22
4.917089120777343544e-22 4.917055504354447738e-22
5.035172338070764571e-22 5.035133383219523514e-22
5.355500141307759006e-22 5.355444053652217471e-22
5.910130171226016811e-22 5.910117592936057889e-22
5.247823991864519939e-22 5.247811182876620391e-22
4.586282413871899670e-22 4.586269300268219358e-22
6.398187565410960421e-22 6.398174051099830605e-22
4.561503365786080667e-22 4.561489319537239831e-22
4.260546015939249049e-22 4.260531251876863979e-22
3.180854172915302950e-22 3.180838410513999664e-22
4.570009219546563548e-22 4.569991998025631782e-22
1.433327725611644791e-22 1.433308184824093772e-22
1.426737778599200590e-22 1.426713911833051620e-22
1.423218940951491255e-22 1.423182967428628684e-22
1.423335128484483659e-22 1.423335128484483659e-22
1.428718093131769263e-22 1.428718093131769263e-22
1.433092994718201823e-22 1.433092994718201823e-22
1.448779153522890318e-22 1.448779153522890318e-22
1.473978757865618307e-22 1.473978757865618307e-22
1.514697430919500293e-22 1.514697430919500293e-22
1.595087683090983798e-22 1.595087683090983798e-22
1.561718628296136527e-22 1.561718628296136527e-22
1.676032487800941222e-22 1.676032487800941222e-22
1.920231017803370384e-22 1.920231017803370384e-22
3.373464796751240508e-22 3.373464796751240508e-22
1.063701034647135619e-22 1.063701034647135619e-22
1.120749620174584559e-22 1.120749620174584559e-22
1.215622352694680565e-22 1.215622352694680565e-22
1.416190547659974755e-22 1.416190547659974755e-22
3.048596413045225575e-22 3.048596413045225575e-22
7.668451054457914721e-23 7.668451054457914721e-23
8.209940128827970923e-23 8.209940128827970923e-23
9.059151905118460838e-23 9.059151905118460838e-23
1.062479896601055949e-22 1.062479896601055949e-22
1.598722037239120006e-22 1.598722037239120006e-22
7.276401943943782189e-23 7.276401943943782189e-23
1.034352130867891456e-22 1.034352130867891456e-22
0.000000000000000000e+00 0.000000000000000000e+00
0.000000000000000000e+00 0.000000000000000000e+00
0.000000000000000000e+00 0.000000000000000000e+00
0.000000000000000000e+00 0.000000000000000000e+00
0.000000000000000000e+00 0.000000000000000000e+00
0.000000000000000000e+00 0.000000000000000000e+00
0.000000000000000000e+00 0.000000000000000000e+00
0.000000000000000000e+00 0.000000000000000000e+00
0.000000000000000000e+00 0.000000000000000000e+00
0.000000000000000000e+00 0.000000000000000000e+00
0.000000000000000000e+00 0.000000000000000000e+00
0.000000000000000000e+00 0.000000000000000000e+00
0.000000000000000000e+00 0.000000000000000000e+00
0.000000000000000000e+00 0.000000000000000000e+00
0.000000000000000000e+00 0.000000000000000000e+00
0.000000000000000000e+00 0.000000000000000000e+00
0.000000000000000000e+00 0.000000000000000000e+00
0.000000000000000000e+00 0.000000000000000000e+00
0.000000000000000000e+00 0.000000000000000000e+00
0.000000000000000000e+00 0.000000000000000000e+00
0.000000000000000000e+00 0.000000000000000000e+00
0.000000000000000000e+00 0.000000000000000000e+00
0.000000000000000000e+00 0.000000000000000000e+00
0.000000000000000000e+00 0.000000000000000000e+00
0.000000000000000000e+00 0.000000000000000000e+00
0.000000000000000000e+00 0.000000000000000000e+00
0.000000000000000000e+00 0.000000000000000000e+00
0.000000000000000000e+00 0.000000000000000000e+00
0.000000000000000000e+00 0.000000000000000000e+00
0.000000000000000000e+00 0.000000000000000000e+00
0.000000000000000000e+00 0.000000000000000000e+00
0.000000000000000000e+00 0.000000000000000000e+00
0.000000000000000000e+00 0.000000000000000000e+00
0.000000000000000000e+00 0.000000000000000000e+00
0.000000000000000000e+00 0.000000000000000000e+00
0.000000000000000000e+00 0.000000000000000000e+00
0.000000000000000000e+00 0.000000000000000000e+00
0.000000000000000000e+00 0.000000000000000000e+00
0.000000000000000000e+00 0.000000000000000000e+00
0.000000000000000000e+00 0.000000000000000000e+00
0.000000000000000000e+00 0.000000000000000000e+00
0.000000000000000000e+00 0.000000000000000000e+00
0.000000000000000000e+00 0.000000000000000000e+00
0.000000000000000000e+00 0.000000000000000000e+00
0.000000000000000000e+00 0.000000000000000000e+00
0.000000000000000000e+00 0.000000000000000000e+00
0.000000000000000000e+00 0.000000000000000000e+00
0.000000000000000000e+00 0.000000000000000000e+00
0.000000000000000000e+00 0.000000000000000000e+00
0.000000000000000000e+00 0.000000000000000000e+00
0.000000000000000000e+00 0.000000000000000000e+00
0.000000000000000000e+00 0.000000000000000000e+00
0.000000000000000000e+00 0.000000000000000000e+00
0.000000000000000000e+00 0.000000000000000000e+00
0.000000000000000000e+00 0.000000000000000000e+00
0.000000000000000000e+00 0.000000000000000000e+00
0.000000000000000000e+00 0.000000000000000000e+00
0.000000000000000000e+00 0.000000000000000000e+00
0.000000000000000000e+00 0.000000000000000000e+00
0.000000000000000000e+00 0.000000000000000000e+00
0.000000000000000000e+00 0.000000000000000000e+00
0.000000000000000000e+00 0.000000000000000000e+00
0.000000000000000000e+00 0.000000000000000000e+00
0.000000000000000000e+00 0.000000000000000000e+00
0.000000000000000000e+00 0.000000000000000000e+00
0.000000000000000000e+00 0.000000000000000000e+00
0.000000000000000000e+00 0.000000000000000000e+00
0.000000000000000000e+00 0.000000000000000000e+00
0.000000000000000000e+00 0.000000000000000000e+00
0.000000000000000000e+00 0.000000000000000000e+00
0.000000000000000000e+00 0.000000000000000000e+00
0.000000000000000000e+00 0.000000000000000000e+00
0.000000000000000000e+00 0.000000000000000000e+00
0.000000000000000000e+00 0.000000000000000000e+00
0.000000000000000000e+00 0.000000000000000000e+00
0.000000000000000000e+00 0.000000000000000000e+00
0.000000000000000000e+00 0.000000000000000000e+00
0.000000000000000000e+00 0.000000000000000000e+00
0.000000000000000000e+00 0.000000000000000000e+00
0.000000000000000000e+00 0.000000000000000000e+00
0.000000000000000000e+00 0.000000000000000000e+00
0.000000000000000000e+00 0.000000000000000000e+00
0.000000000000000000e+00 0.000000000000000000e+00
0.000000000000000000e+00 0.000000000000000000e+00
0.000000000000000000e+00 0.000000000000000000e+00
0.000000000000000000e+00 0.000000000000000000e+00
0.000000000000000000e+00 0.000000000000000000e+00
0.000000000000000000e+00 0.000000000000000000e+00
0.000000000000000000e+00 0.000000000000000000e+00
0.000000000000000000e+00 0.000000000000000000e+00
0.000000000000000000e+00 0.000000000000000000e+00
0.000000000000000000e+00 0.000000000000000000e+00
0.000000000000000000e+00 0.000000000000000000e+00
0.000000000000000000e+00 0.000000000000000000e+00
0.000000000000000000e+00 0.000000000000000000e+00
0.000000000000000000e+00 0.000000000000000000e+00
0.000000000000000000e+00 0.000000000000000000e+00
0.000000000000000000e+00 0.000000000000000000e+00
0.000000000000000000e+00 0.000000000000000000e+00
0.000000000000000000e+00 0.000000000000000000e+00
0.000000000000000000e+00 0.000000000000000000e+00
0.000000000000000000e+00 0.000000000000000000e+00
0.000000000000000000e+00 0.000000000000000000e+00
0.000000000000000000e+00 0.000000000000000000e+00
0.000000000000000000e+00 0.000000000000000000e+00
0.000000000000000000e+00 0.000000000000000000e+00
0.000000000000000000e+00 0.000000000000000000e+00
0.000000000000000000e+00 0.000000000000000000e+00
0.000000000000000000e+00 0.000000000000000000e+00
0.000000000000000000e+00 0.000000000000000000e+00
0.000000000000000000e+00 0.000000000000000000e+00
0.000000000000000000e+00 0.000000000000000000e+00
0.000000000000000000e+00 0.000000000000000000e+00
0.000000000000000000e+00 0.000000000000000000e+00
0.000000000000000000e+00 0.000000000000000000e+00
0.000000000000000000e+00 0.000000000000000000e+00
0.000000000000000000e+00 0.000000000000000000e+00
0.000000000000000000e+00 0.000000000000000000e+00
0.000000000000000000e+00 0.000000000000000000e+00
0.000000000000000000e+00 0.000000000000000000e+00
0.000000000000000000e+00 0.000000000000000000e+00
0.000000000000000000e+00 0.000000000000000000e+00
0.000000000000000000e+00 0.000000000000000000e+00
0.000000000000000000e+00 0.000000000000000000e+00
0.000000000000000000e+00 0.000000000000000000e+00
0.000000000000000000e+00 0.000000000000000000e+00
0.000000000000000000e+00 0.000000000000000000e+00
0.000000000000000000e+00 0.000000000000000000e+00
0.000000000000000000e+00 0.000000000000000000e+00
0.000000000000000000e+00 0.000000000000000000e+00
0.000000000000000000e+00 0.000000000000000000e+00
0.000000000000000000e+00 0.000000000000000000e+00
0.000000000000000000e+00 0.000000000000000000e+00
0.000000000000000000e+00 0.000000000000000000e+00
0.000000000000000000e+00 0.000000000000000000e+00
0.000000000000000000e+00 0.000000000000000000e+00
0.000000000000000000e+00 0.000000000000000000e+00
0.000000000000000000e+00 0.000000000000000000e+00
0.000000000000000000e+00 0.000000000000000000e+00
0.000000000000000000e+00 0.000000000000000000e+00
0.000000000000000000e+00 0.000000000000000000e+00
0.000000000000000000e+00 0.000000000000000000e+00
0.000000000000000000e+00 0.000000000000000000e+00
0.000000000000000000e+00 0.000000000000000000e+00
0.000000000000000000e+00 0.000000000000000000e+00
0.000000000000000000e+00 0.000000000000000000e+00
0.000000000000000000e+00 0.000000000000000000e+00
0.000000000000000000e+00 0.000000000000000000e+00
0.000000000000000000e+00 0.000000000000000000e+00
0.000000000000000000e+00 0.000000000000000000e+00
0.000000000000000000e+00 0.000000000000000000e+00
0.000000000000000000e+00 0.000000000000000000e+00
0.000000000000000000e+00 0.000000000000000000e+00
0.000000000000000000e+00 0.000000000000000000e+00
0.000000000000000000e+00 0.000000000000000000e+00
0.000000000000000000e+00 0.000000000000000000e+00
0.000000000000000000e+00 0.000000000000000000e+00
0.000000000000000000e+00 0.000000000000000000e+00
0.000000000000000000e+00 0.000000000000000000e+00
0.000000000000000000e+00 0.000000000000000000e+00
0.000000000000000000e+00 0.000000000000000000e+00
0.000000000000000000e+00 0.000000000000000000e+00
0.000000000000000000e+00 0.000000000000000000e+00
0.000000000000000000e+00 0.000000000000000000e+00
0.000000000000000000e+00 0.000000000000000000e+00
0.000000000000000000e+00 0.000000000000000000e+00
0.000000000000000000e+00 0.000000000000000000e+00
0.000000000000000000e+00 0.000000000000000000e+00
0.000000000000000000e+00 0.000000000000000000e+00
0.000000000000000000e+00 0.000000000000000000e+00
0.000000000000000000e+00 0.000000000000000000e+00
0.000000000000000000e+00 0.000000000000000000e+00
0.000000000000000000e+00 0.000000000000000000e+00
0.000000000000000000e+00 0.000000000000000000e+00
0.000000000000000000e+00 0.000000000000000000e+00
0.000000000000000000e+00 0.000000000000000000e+00
0.000000000000000000e+00 0.000000000000000000e+00
0.000000000000000000e+00 0.000000000000000000e+00
0.000000000000000000e+00 0.000000000000000000e+00
0.000000000000000000e+00 0.000000000000000000e+00
0.000000000000000000e+00 0.000000000000000000e+00
0.000000000000000000e+00 0.000000000000000000e+00
0.000000000000000000e+00 0.000000000000000000e+00
0.000000000000000000e+00 0.000000000000000000e+00
0.000000000000000000e+00 0.000000000000000000e+00
0.000000000000000000e+00 0.000000000000000000e+00
0.000000000000000000e+00 0.000000000000000000e+00
0.000000000000000000e+00 0.000000000000000000e+00
0.000000000000000000e+00 0.000000000000000000e+00
0.000000000000000000e+00 0.000000000000000000e+00
0.000000000000000000e+00 0.000000000000000000e+00
0.000000000000000000e+00 0.000000000000000000e+00
0.000000000000000000e+00 0.000000000000000000e+00
0.000000000000000000e+00 0.000000000000000000e+00
0.000000000000000000e+00 0.000000000000000000e+00
0.000000000000000000e+00 0.000000000000000000e+00
0.000000000000000000e+00 0.000000000000000000e+00
0.000000000000000000e+00 0.000000000000000000e+00
0.000000000000000000e+00 0.000000000000000000e+00
0.000000000000000000e+00 0.000000000000000000e+00
0.000000000000000000e+00 0.000000000000000000e+00
0.000000000000000000e+00 0.000000000000000000e+00
0.000000000000000000e+00 0.000000000000000000e+00
0.000000000000000000e+00 0.000000000000000000e+00
0.000000000000000000e+00 0.000000000000000000e+00
0.000000000000000000e+00 0.000000000000000000e+00
0.000000000000000000e+00 0.000000000000000000e+00
0.000000000000000000e+00 0.000000000000000000e+00
0.000000000000000000e+00 0.000000000000000000e+00
0.000000000000000000e+00 0.000000000000000000e+00
0.000000000000000000e+00 0.000000000000000000e+00
0.000000000000000000e+00 0.000000000000000000e+00
0.000000000000000000e+00 0.000000000000000000e+00
0.000000000000000000e+00 0.000000000000000000e+00
0.000000000000000000e+00 0.000000000000000000e+00
0.000000000000000000e+00 0.000000000000000000e+00
0.000000000000000000e+00 0.000000000000000000e+00
0.000000000000000000e+00 0.000000000000000000e+00
0.000000000000000000e+00 0.000000000000000000e+00
0.000000000000000000e+00 0.000000000000000000e+00
0.000000000000000000e+00 0.000000000000000000e+00
0.000000000000000000e+00 0.000000000000000000e+00
0.000000000000000000e+00 0.000000000000000000e+00
0.000000000000000000e+00 0.000000000000000000e+00
0.000000000000000000e+00 0.000000000000000000e+00
0.000000000000000000e+00 0.000000000000000000e+00
