1.123942749773961384e+24 0.000000000000000000e+00
1.129726233207788674e+24 0.000000000000000000e+00
1.079627625974528769e+24 0.000000000000000000e+00
1.045701035727518620e+24 0.000000000000000000e+00
1.016118020526443359e+24 0.000000000000000000e+00
9.989730857611238929e+23 0.000000000000000000e+00
9.682093522226069708e+23 0.000000000000000000e+00
9.388506514735306627e+23 0.000000000000000000e+00
9.054234917097402154e+23 0.000000000000000000e+00
9.022048133450463005e+23 0.000000000000000000e+00
8.715241001930134043e+23 0.000000000000000000e+00
8.551214649639724185e+23 0.000000000000000000e+00
8.241301425033418155e+23 0.000000000000000000e+00
8.247424678398438618e+23 0.000000000000000000e+00
8.013620492352664969e+23 0.000000000000000000e+00
7.789673979325803953e+23 0.000000000000000000e+00
7.630258078806873830e+23 0.000000000000000000e+00
7.611501331995896578e+23 0.000000000000000000e+00
7.292880880936791027e+23 0.000000000000000000e+00
7.104116049511004819e+23 0.000000000000000000e+00
7.130831093381384540e+23 0.000000000000000000e+00
6.870704539480553779e+23 0.000000000000000000e+00
6.702015860372455094e+23 0.000000000000000000e+00
6.807545173548461311e+23 0.000000000000000000e+00
6.540694162751479989e+23 0.000000000000000000e+00
6.379393405333584415e+23 0.000000000000000000e+00
6.492914236048472539e+23 0.000000000000000000e+00
5.907791640883649724e+23 0.000000000000000000e+00
5.931107258938191386e+23 0.000000000000000000e+00
5.748710356761571188e+23 0.000000000000000000e+00
5.629435223576929066e+23 0.000000000000000000e+00
5.483918351072889594e+23 0.000000000000000000e+00
5.403233197012255527e+23 0.000000000000000000e+00
5.217159404565383673e+23 0.000000000000000000e+00
5.146792371440825422e+23 0.000000000000000000e+00
5.023132058233556666e+23 0.000000000000000000e+00
4.880258689053116145e+23 0.000000000000000000e+00
4.747827448036985636e+23 0.000000000000000000e+00
4.663942272026882448e+23 0.000000000000000000e+00
4.540190970023233863e+23 0.000000000000000000e+00
4.457378786605242987e+23 0.000000000000000000e+00
4.341956272138666451e+23 0.000000000000000000e+00
4.350802069425021717e+23 0.000000000000000000e+00
4.205924398124187978e+23 0.000000000000000000e+00
4.113005430321926405e+23 0.000000000000000000e+00
4.158933264495346650e+23 0.000000000000000000e+00
3.934656340728835840e+23 0.000000000000000000e+00
3.847477903080456349e+23 0.000000000000000000e+00
3.794418655175334785e+23 0.000000000000000000e+00
3.722736217593984749e+23 0.000000000000000000e+00
3.565975549352675105e+23 0.000000000000000000e+00
3.550380356417109319e+23 0.000000000000000000e+00
3.602493719490157567e+23 0.000000000000000000e+00
3.242129760105120987e+23 0.000000000000000000e+00
3.142096946815391844e+23 0.000000000000000000e+00
3.064196694191635977e+23 0.000000000000000000e+00
3.048057691137579176e+23 0.000000000000000000e+00
2.951503977439690878e+23 0.000000000000000000e+00
2.885644697089312282e+23 0.000000000000000000e+00
2.791596770516399617e+23 0.000000000000000000e+00
2.717468983184973753e+23 0.000000000000000000e+00
2.667822654463005006e+23 0.000000000000000000e+00
2.571177220667063927e+23 0.000000000000000000e+00
2.509701324519704898e+23 0.000000000000000000e+00
2.465719910992789373e+23 0.000000000000000000e+00
2.440699411391573414e+23 0.000000000000000000e+00
2.383592589191948743e+23 0.000000000000000000e+00
2.329551003186647867e+23 0.000000000000000000e+00
2.268686984243606276e+23 0.000000000000000000e+00
2.236069767760901067e+23 0.000000000000000000e+00
2.179674195851686372e+23 0.000000000000000000e+00
2.208595371032978485e+23 0.000000000000000000e+00
2.199863327751208771e+23 0.000000000000000000e+00
2.429722145516250160e+23 0.000000000000000000e+00
2.102186152878305675e+23 0.000000000000000000e+00
2.037531312125379734e+23 0.000000000000000000e+00
1.994125100121924263e+23 0.000000000000000000e+00
1.903376875399293635e+23 0.000000000000000000e+00
1.930483245333364794e+23 0.000000000000000000e+00
1.854411750173122652e+23 0.000000000000000000e+00
1.796722344234867313e+23 0.000000000000000000e+00
1.750568788719170486e+23 0.000000000000000000e+00
1.716730513484086143e+23 0.000000000000000000e+00
1.726631863702088046e+23 0.000000000000000000e+00
1.649036418972806220e+23 0.000000000000000000e+00
1.608268859464018674e+23 0.000000000000000000e+00
1.546127687752428919e+23 0.000000000000000000e+00
1.509849397156327656e+23 0.000000000000000000e+00
1.468226278291090346e+23 0.000000000000000000e+00
1.454717146103309717e+23 0.000000000000000000e+00
1.428341470336796485e+23 0.000000000000000000e+00
1.396331109205587211e+23 0.000000000000000000e+00
1.337342716408579427e+23 0.000000000000000000e+00
1.304871501770635535e+23 0.000000000000000000e+00
1.328044382615806683e+23 0.000000000000000000e+00
1.240904651295887060e+23 0.000000000000000000e+00
1.228354184527711148e+23 0.000000000000000000e+00
1.243222813117265761e+23 0.000000000000000000e+00
1.161676741904529873e+23 0.000000000000000000e+00
1.124824038278322171e+23 0.000000000000000000e+00
1.102850446953959874e+23 0.000000000000000000e+00
1.072820016792381256e+23 0.000000000000000000e+00
1.056260594862733635e+23 0.000000000000000000e+00
1.027355434661912374e+23 0.000000000000000000e+00
1.003577151687825954e+23 0.000000000000000000e+00
9.936419945928297598e+22 0.000000000000000000e+00
9.502394576814471538e+22 0.000000000000000000e+00
9.529631795577382293e+22 0.000000000000000000e+00
9.301520017856240864e+22 0.000000000000000000e+00
9.137640380396708928e+22 0.000000000000000000e+00
8.889787797981162059e+22 0.000000000000000000e+00
8.747280752658125265e+22 0.000000000000000000e+00
8.666367169319148087e+22 0.000000000000000000e+00
8.254079778871566139e+22 0.000000000000000000e+00
8.125958519942998812e+22 0.000000000000000000e+00
7.917591847578950540e+22 0.000000000000000000e+00
7.935006193150541903e+22 0.000000000000000000e+00
7.816245552192956242e+22 0.000000000000000000e+00
7.666698178620624051e+22 0.000000000000000000e+00
7.177414930952769398e+22 0.000000000000000000e+00
7.021749179356467010e+22 0.000000000000000000e+00
6.814697227390270256e+22 0.000000000000000000e+00
6.646336633035485191e+22 0.000000000000000000e+00
6.599917399321991132e+22 0.000000000000000000e+00
6.337722449655462730e+22 0.000000000000000000e+00
6.315051273888462379e+22 0.000000000000000000e+00
6.227181203686424576e+22 0.000000000000000000e+00
6.076480119202601606e+22 0.000000000000000000e+00
5.905612729956134027e+22 0.000000000000000000e+00
5.708297780279504169e+22 0.000000000000000000e+00
5.617666776371694246e+22 0.000000000000000000e+00
5.470475541178892052e+22 0.000000000000000000e+00
5.312848944191891938e+22 0.000000000000000000e+00
5.163968121742121815e+22 0.000000000000000000e+00
5.150017294495901549e+22 0.000000000000000000e+00
4.974582959843760826e+22 0.000000000000000000e+00
4.846951585719940389e+22 0.000000000000000000e+00
4.743308103216336889e+22 0.000000000000000000e+00
4.585973911387822778e+22 0.000000000000000000e+00
4.483220678719400890e+22 0.000000000000000000e+00
4.361440986098718212e+22 0.000000000000000000e+00
4.283583335116839059e+22 0.000000000000000000e+00
4.223016589575943566e+22 0.000000000000000000e+00
4.029519309637628304e+22 0.000000000000000000e+00
3.951790002983461821e+22 0.000000000000000000e+00
3.859255593260968785e+22 0.000000000000000000e+00
3.756707515601740471e+22 0.000000000000000000e+00
3.674342043962610129e+22 0.000000000000000000e+00
3.577545572321737258e+22 0.000000000000000000e+00
3.507828398361081073e+22 0.000000000000000000e+00
3.543780524864164594e+22 0.000000000000000000e+00
3.374510168626289023e+22 0.000000000000000000e+00
3.306280113765577916e+22 0.000000000000000000e+00
3.275144574444421671e+22 0.000000000000000000e+00
3.201435067715634070e+22 0.000000000000000000e+00
3.138813740757909347e+22 0.000000000000000000e+00
2.996724632145132677e+22 0.000000000000000000e+00
3.030393171835942339e+22 0.000000000000000000e+00
2.918361213367723072e+22 0.000000000000000000e+00
2.905126526093041127e+22 0.000000000000000000e+00
2.799867799293363487e+22 0.000000000000000000e+00
2.740619399633291759e+22 0.000000000000000000e+00
2.616976632777417530e+22 0.000000000000000000e+00
2.561273065736707139e+22 0.000000000000000000e+00
2.521276962756540917e+22 0.000000000000000000e+00
2.480579368542832637e+22 0.000000000000000000e+00
2.372754276029966372e+22 0.000000000000000000e+00
2.344314480417528873e+22 0.000000000000000000e+00
2.308300146657571373e+22 0.000000000000000000e+00
2.239896458499219207e+22 0.000000000000000000e+00
2.202191699732863962e+22 0.000000000000000000e+00
2.104897724130322599e+22 0.000000000000000000e+00
2.052439627931930172e+22 0.000000000000000000e+00
2.002341927281004590e+22 0.000000000000000000e+00
2.017869856591017148e+22 0.000000000000000000e+00
1.903196755072395510e+22 0.000000000000000000e+00
1.861044936221524807e+22 0.000000000000000000e+00
1.850308747453028893e+22 0.000000000000000000e+00
1.795585071682643244e+22 0.000000000000000000e+00
1.761928887224856950e+22 0.000000000000000000e+00
1.750087422371281083e+22 0.000000000000000000e+00
1.751511087388108521e+22 0.000000000000000000e+00
1.632139411828430497e+22 0.000000000000000000e+00
1.574131746997326053e+22 0.000000000000000000e+00
1.557594719123063964e+22 0.000000000000000000e+00
1.509541728606355246e+22 0.000000000000000000e+00
1.475721825295141333e+22 0.000000000000000000e+00
1.450222925793364594e+22 0.000000000000000000e+00
1.412792694870196303e+22 0.000000000000000000e+00
1.388651891829442924e+22 0.000000000000000000e+00
1.344180772568752875e+22 0.000000000000000000e+00
1.305494000631196261e+22 0.000000000000000000e+00
1.314159539142368271e+22 0.000000000000000000e+00
1.222076021385318734e+22 0.000000000000000000e+00
1.216139203416978306e+22 0.000000000000000000e+00
1.198804591571540273e+22 0.000000000000000000e+00
1.177141411370677515e+22 0.000000000000000000e+00
1.111719595780461717e+22 0.000000000000000000e+00
1.084811274380075283e+22 0.000000000000000000e+00
1.076956094522058395e+22 0.000000000000000000e+00
1.033491413764624980e+22 0.000000000000000000e+00
1.022328296187310689e+22 0.000000000000000000e+00
9.804254609007137784e+21 0.000000000000000000e+00
9.778213385951409865e+21 0.000000000000000000e+00
9.647837316011752686e+21 0.000000000000000000e+00
9.295039454363118469e+21 0.000000000000000000e+00
9.021687214677102166e+21 0.000000000000000000e+00
8.787404413410905948e+21 0.000000000000000000e+00
8.656596263450889421e+21 0.000000000000000000e+00
8.343678438561730789e+21 0.000000000000000000e+00
8.138748657656335958e+21 0.000000000000000000e+00
7.922951591436017992e+21 0.000000000000000000e+00
7.941902050177855783e+21 0.000000000000000000e+00
7.562814331614966841e+21 0.000000000000000000e+00
7.513984804951135617e+21 0.000000000000000000e+00
7.353862767841876378e+21 0.000000000000000000e+00
7.179692146582169321e+21 0.000000000000000000e+00
7.018669629548550685e+21 0.000000000000000000e+00
6.738968150457096077e+21 0.000000000000000000e+00
6.677956289441608761e+21 0.000000000000000000e+00
6.527463559735478845e+21 0.000000000000000000e+00
6.425269377511037338e+21 0.000000000000000000e+00
6.310451925496449991e+21 0.000000000000000000e+00
6.037350262120491516e+21 0.000000000000000000e+00
5.870962038984664941e+21 0.000000000000000000e+00
5.753797720563333988e+21 0.000000000000000000e+00
5.774454768158626546e+21 0.000000000000000000e+00
5.506379906778299105e+21 0.000000000000000000e+00
5.318449367681163330e+21 0.000000000000000000e+00
5.362758359989424751e+21 0.000000000000000000e+00
5.199414619480620270e+21 0.000000000000000000e+00
4.947629172464378970e+21 0.000000000000000000e+00
4.743837602189899989e+21 0.000000000000000000e+00
4.706815438678561128e+21 0.000000000000000000e+00
4.824710797052826616e+21 0.000000000000000000e+00
4.421000015740344467e+21 0.000000000000000000e+00
4.409275121945955795e+21 0.000000000000000000e+00
4.283224031273843950e+21 0.000000000000000000e+00
4.106817518320744399e+21 0.000000000000000000e+00
4.034791361555504038e+21 0.000000000000000000e+00
3.972875096498880643e+21 0.000000000000000000e+00
3.869826497703543046e+21 0.000000000000000000e+00
3.714107533521475076e+21 0.000000000000000000e+00
3.703869819411012518e+21 0.000000000000000000e+00
3.543647836156423307e+21 0.000000000000000000e+00
3.416986516128112050e+21 0.000000000000000000e+00
3.320527845625111249e+21 0.000000000000000000e+00
3.236743971409548018e+21 0.000000000000000000e+00
3.172880290063159132e+21 0.000000000000000000e+00
3.099410541762265481e+21 0.000000000000000000e+00
3.008533412714075652e+21 0.000000000000000000e+00
2.934253196360348598e+21 0.000000000000000000e+00
2.838292293925028233e+21 0.000000000000000000e+00
2.767184416156639822e+21 0.000000000000000000e+00
2.695227409297775264e+21 0.000000000000000000e+00
2.647977969492945797e+21 0.000000000000000000e+00
2.633511359574362292e+21 0.000000000000000000e+00
2.501508651820250038e+21 0.000000000000000000e+00
2.449299508418248704e+21 0.000000000000000000e+00
2.371871037933296812e+21 0.000000000000000000e+00
2.294824463027305185e+21 0.000000000000000000e+00
2.248137875705157911e+21 0.000000000000000000e+00
2.193632044088466342e+21 0.000000000000000000e+00
2.156193649420764971e+21 0.000000000000000000e+00
2.082837440571868185e+21 0.000000000000000000e+00
2.038733676275471745e+21 0.000000000000000000e+00
1.987314319024559751e+21 0.000000000000000000e+00
1.950028578462398939e+21 0.000000000000000000e+00
1.981206713434908393e+21 0.000000000000000000e+00
1.776625430328709743e+21 0.000000000000000000e+00
1.744310522803694338e+21 0.000000000000000000e+00
1.714577153513572794e+21 0.000000000000000000e+00
1.647280894736438919e+21 0.000000000000000000e+00
1.639494870643100353e+21 0.000000000000000000e+00
1.558858299592517353e+21 0.000000000000000000e+00
1.510167638169925452e+21 0.000000000000000000e+00
1.466513141844739097e+21 0.000000000000000000e+00
1.433990021935258403e+21 0.000000000000000000e+00
1.412841661544199619e+21 0.000000000000000000e+00
1.371636995290991165e+21 0.000000000000000000e+00
1.348349609376538952e+21 0.000000000000000000e+00
1.327005529102541652e+21 0.000000000000000000e+00
1.228526805374308450e+21 0.000000000000000000e+00
1.210125185106224087e+21 0.000000000000000000e+00
1.189682662150000083e+21 0.000000000000000000e+00
1.170637893519357641e+21 0.000000000000000000e+00
1.132079643482258538e+21 0.000000000000000000e+00
1.087517835403051794e+21 0.000000000000000000e+00
1.060020942110869553e+21 0.000000000000000000e+00
1.028300461966264893e+21 0.000000000000000000e+00
1.003690207876208787e+21 0.000000000000000000e+00
9.632353700896347259e+20 0.000000000000000000e+00
9.466851224157390111e+20 0.000000000000000000e+00
9.095079525337982566e+20 0.000000000000000000e+00
8.863589305686193603e+20 0.000000000000000000e+00
8.659010196017496719e+20 0.000000000000000000e+00
8.355395883799521526e+20 0.000000000000000000e+00
8.133089126800595354e+20 0.000000000000000000e+00
7.903185674716056125e+20 0.000000000000000000e+00
7.620559020768962806e+20 0.000000000000000000e+00
7.473001164301268419e+20 0.000000000000000000e+00
7.208587988464251699e+20 0.000000000000000000e+00
6.971761719310086308e+20 0.000000000000000000e+00
6.886037467720573256e+20 0.000000000000000000e+00
6.602312732237404570e+20 0.000000000000000000e+00
6.483959225646242857e+20 0.000000000000000000e+00
6.230550066164381778e+20 0.000000000000000000e+00
6.132636839430528696e+20 0.000000000000000000e+00
6.005070584802735555e+20 0.000000000000000000e+00
5.872163147303047004e+20 0.000000000000000000e+00
5.753004285737045852e+20 0.000000000000000000e+00
5.625018714422884434e+20 0.000000000000000000e+00
5.373344637057714749e+20 0.000000000000000000e+00
5.173910154512794255e+20 0.000000000000000000e+00
4.978133790979267625e+20 0.000000000000000000e+00
4.957581085893831557e+20 0.000000000000000000e+00
4.611755074161151181e+20 0.000000000000000000e+00
4.517536414087586775e+20 0.000000000000000000e+00
4.343864343464655585e+20 0.000000000000000000e+00
4.151923510637289800e+20 0.000000000000000000e+00
4.066888863202871214e+20 0.000000000000000000e+00
3.895118204631939809e+20 0.000000000000000000e+00
3.792584763133163602e+20 0.000000000000000000e+00
3.695680933251003843e+20 0.000000000000000000e+00
3.529973138662011699e+20 0.000000000000000000e+00
3.451031107754727834e+20 0.000000000000000000e+00
3.306544217171509903e+20 0.000000000000000000e+00
3.304348853142374973e+20 0.000000000000000000e+00
3.234740093812528906e+20 0.000000000000000000e+00
3.096188161491489260e+20 0.000000000000000000e+00
2.940642800443749499e+20 0.000000000000000000e+00
2.881514403700209418e+20 0.000000000000000000e+00
2.773057189383447183e+20 0.000000000000000000e+00
2.678816031615268291e+20 0.000000000000000000e+00
2.594754376371393659e+20 0.000000000000000000e+00
2.530653111257082102e+20 0.000000000000000000e+00
2.426596411576297718e+20 0.000000000000000000e+00
2.366722658791095665e+20 0.000000000000000000e+00
2.280320310247127122e+20 0.000000000000000000e+00
2.207168264534747382e+20 0.000000000000000000e+00
2.156375835899478344e+20 0.000000000000000000e+00
2.096110861828579328e+20 0.000000000000000000e+00
2.020608636814635500e+20 0.000000000000000000e+00
2.024468888433631560e+20 0.000000000000000000e+00
1.892010533855980093e+20 0.000000000000000000e+00
1.834294211618767176e+20 0.000000000000000000e+00
1.802890328629711995e+20 0.000000000000000000e+00
1.719849095278709637e+20 0.000000000000000000e+00
1.644538458542151107e+20 0.000000000000000000e+00
1.579631004503088169e+20 0.000000000000000000e+00
1.538270721271399383e+20 0.000000000000000000e+00
1.488493316565109309e+20 0.000000000000000000e+00
1.420317190841809961e+20 0.000000000000000000e+00
1.406591872385458012e+20 0.000000000000000000e+00
1.336590538776147231e+20 0.000000000000000000e+00
1.297530595832775148e+20 0.000000000000000000e+00
1.260607614832622797e+20 0.000000000000000000e+00
1.219954803875462513e+20 0.000000000000000000e+00
1.162156167479086449e+20 0.000000000000000000e+00
1.115212015852493701e+20 2.796652708033479680e+18
1.077695794607854060e+20 4.315801600871198720e+18
1.046477090713817088e+20 5.223285537083353088e+18
1.005720861840342385e+20 5.330781939799835648e+18
9.876896437833836134e+19 6.846775138581873664e+18
9.516684168856769331e+19 6.771229107728945152e+18
9.218688921946983629e+19 6.880406839694891008e+18
8.741935982666194944e+19 7.331651448594920448e+18
8.470192334337812070e+19 7.899197384217906176e+18
8.170723413291781325e+19 8.016948341446365184e+18
8.052711118881121894e+19 8.043629842470243328e+18
7.656192255812388454e+19 8.855500460118658048e+18
7.235835098273746125e+19 8.427838839844981760e+18
6.978916129718698803e+19 8.277640538548531200e+18
6.816905319801780634e+19 8.479135372200580096e+18
6.497749195260524954e+19 8.385503494645701632e+18
6.396571878881971405e+19 8.475407173037319168e+18
6.002961314956800000e+19 8.575864336683583488e+18
5.727172473973627290e+19 8.764303897976366080e+18
5.589918166269732454e+19 9.122849254057459712e+18
5.446800161782499738e+19 8.685174975783114752e+18
5.312780900497837261e+19 8.719835585739176960e+18
5.115659691576632115e+19 9.477550743394662400e+18
4.973096903389575578e+19 9.344977827587950592e+18
4.772280433533473587e+19 8.856979929862353920e+18
4.536841905938232115e+19 8.803403347935516672e+18
4.351353033074543002e+19 8.617650023229210624e+18
4.246261063153019290e+19 8.690746484512217088e+18
4.023641960147283968e+19 8.374160757273853952e+18
3.898642984518627328e+19 8.410557180092214272e+18
3.782957153003003085e+19 8.312149729444102144e+18
3.661259959904246170e+19 8.078064987655081984e+18
3.571751840454023987e+19 8.438309387831478272e+18
3.347373399054634598e+19 7.824610188027542528e+18
3.245009246990252442e+19 8.023687110797786112e+18
3.092146722446477312e+19 7.744651978143394816e+18
2.970827451362676326e+19 7.591374517552980992e+18
2.855536994412985549e+19 7.385532766911470592e+18
2.818145032714712269e+19 7.281635200358228992e+18
2.655972058730979738e+19 7.365353694706319360e+18
2.596706513573267866e+19 7.364072990681828352e+18
2.459114759467729306e+19 7.232613120772512768e+18
2.395511540202710221e+19 7.213296867523902464e+18
2.316502931615398707e+19 7.006795739948547072e+18
2.207358401958501581e+19 6.806747259061068800e+18
2.144091033011356058e+19 6.933479247483319296e+18
2.067649640037235917e+19 6.841342882108125184e+18
2.002799038188101222e+19 6.655884914189885440e+18
1.936714069813851341e+19 6.791710000540281856e+18
1.857572952429554074e+19 6.600725215218949120e+18
1.785509605435258061e+19 6.453401582534017024e+18
1.729932142112206438e+19 6.462417202271096832e+18
1.692024282671710413e+19 6.459379095016221696e+18
1.578737334103439565e+19 6.311874827757944832e+18
1.495168452548421837e+19 6.272064077018703872e+18
1.454787420515492864e+19 6.261198791963504640e+18
1.384401518182446285e+19 6.042087415788682240e+18
1.315103994777938534e+19 5.928049815423929344e+18
1.277024355595233075e+19 5.837230840397205504e+18
1.222672828131205120e+19 5.859691498917301248e+18
1.153056470653486694e+19 5.704184244732237824e+18
1.106972506480633856e+19 5.674613436108272640e+18
1.075711376015461786e+19 5.581303565470952448e+18
1.049889692371562906e+19 5.535170822613171200e+18
1.013282271650842010e+19 5.495901471219403776e+18
9.654473967391150080e+18 5.441234068976699392e+18
9.393917110225424384e+18 5.560390834859795456e+18
8.767419942687689728e+18 5.215769613783430144e+18
8.450330453485109248e+18 5.304841253515409408e+18
8.128285547845623808e+18 5.205756460698040320e+18
7.822124685552584704e+18 5.110867276632797184e+18
7.554187423483092992e+18 5.130558752893277184e+18
7.243716386389286912e+18 4.993142651555301376e+18
6.932176422754741248e+18 4.879565455253851136e+18
6.472293928899509248e+18 4.628403944667497472e+18
6.559073518495034368e+18 4.733353846661751808e+18
6.153803363327751168e+18 4.564738878371445248e+18
5.780791677167162368e+18 4.428408680868833792e+18
5.537861379833525248e+18 4.237099900506734592e+18
5.500839417232829440e+18 4.315698675114222592e+18
5.240753988821055488e+18 4.211644419123869696e+18
4.970888197942180864e+18 4.003414114571931648e+18
4.709845982347906048e+18 3.849818292122418176e+18
4.603868937067632128e+18 3.789395550105496064e+18
4.387501871087952896e+18 3.660932719279114752e+18
4.281870875650810880e+18 3.618345882870167552e+18
4.181183431993330176e+18 3.571425575137363968e+18
3.826126000485222912e+18 3.265043673660177408e+18
3.702252069329426944e+18 3.177766581702520320e+18
3.520006132826903040e+18 3.027307532378190336e+18
3.553932424357887488e+18 3.120300177194528256e+18
3.205034064674068992e+18 2.798976729949220864e+18
3.103772918075840512e+18 2.734673437228359680e+18
2.986605552298780672e+18 2.647729173428238336e+18
2.865455956745196032e+18 2.548001417563597312e+18
2.785942799726839296e+18 2.497369287918237696e+18
2.617571050927492608e+18 2.349831546081750016e+18
2.477098729404743680e+18 2.228678404003348480e+18
2.449466060615003136e+18 2.221403609616780544e+18
2.293604150151921664e+18 2.075843707641847040e+18
2.194217042653718784e+18 1.994126412564319488e+18
2.206770596129658880e+18 2.019180518740905728e+18
2.046310575650733056e+18 1.871639679871999232e+18
1.882179548936307712e+18 1.727420870127149312e+18
1.932172318110794496e+18 1.789033475760019712e+18
1.812639086901003008e+18 1.677863197454491136e+18
1.676828017494900480e+18 1.555671938377968640e+18
1.834635589243430912e+18 1.726238312799905536e+18
1.679673936644313088e+18 1.578381035759099904e+18
1.614676151689502208e+18 1.521837592921199872e+18
1.550427187299452928e+18 1.463003732998726144e+18
1.522982556635864832e+18 1.430297442454129152e+18
1.294293700248552704e+18 1.217927749468539136e+18
1.326411649851198720e+18 1.255135854809819392e+18
1.211153673143148800e+18 1.147934950078882176e+18
1.158698060726244352e+18 1.100717573817891200e+18
1.087714896717132032e+18 1.031983202645187328e+18
1.080707282282161024e+18 1.031178588648710912e+18
1.032655150444810368e+18 9.854556690505104640e+17
9.653068747454553600e+17 9.213565972831869440e+17
9.344902033833009920e+17 8.934694650750154240e+17
8.911881344022289920e+17 8.524200648354172160e+17
8.462657306462918400e+17 8.104631558295623680e+17
8.321683154079836160e+17 7.980869195895540480e+17
7.668981182157589760e+17 7.358430107240098560e+17
8.085875460822622720e+17 7.781355700441520640e+17
7.029661331123848960e+17 6.738981784730878720e+17
6.880981138841830400e+17 6.637656972355577600e+17
6.632751063090716160e+17 6.410067265876622080e+17
6.030198362890259200e+17 5.814784738550456320e+17
5.911530345673836800e+17 5.710701728884024960e+17
5.730631923213077120e+17 5.548127548607521280e+17
5.347654913333517440e+17 5.169381191318791040e+17
5.075266494324688640e+17 4.919038667447724160e+17
4.838584459303322880e+17 4.690036379398232320e+17
4.723082224506495360e+17 4.583362409575775360e+17
4.775276629509424640e+17 4.646056012692096000e+17
4.327753501661490560e+17 4.211144730835113600e+17
4.146992804129886080e+17 4.032092947171598720e+17
3.859238166781926400e+17 3.754673835788327680e+17
3.592588080417348480e+17 3.495168147527799680e+17
3.671181133135452800e+17 3.579036885121900800e+17
3.420200989942919680e+17 3.336415522889212160e+17
3.141087862085206400e+17 3.061386881495927040e+17
3.040297182190543360e+17 2.966727701190966400e+17
3.026516887462434560e+17 2.958004018357782400e+17
2.857889283801424960e+17 2.795836030329269760e+17
2.832794530722762240e+17 2.773086841856582080e+17
2.469912023207930240e+17 2.415119515089651200e+17
2.315215268481749440e+17 2.263723160210256960e+17
2.240750390930900480e+17 2.194568768864420160e+17
2.211502231467289920e+17 2.168237932389561600e+17
2.072045957133487040e+17 2.031535155198984320e+17
2.246516984930564800e+17 2.207124460326325440e+17
2.010801693852464960e+17 1.975181636029236480e+17
2.105555719606376960e+17 2.072578126587535680e+17
1.991723161928617920e+17 1.960877321687357120e+17
2.109379614796500800e+17 2.079802361765355840e+17
1.721760029494883200e+17 1.695675876734163200e+17
1.488764029548869120e+17 1.464179362197429760e+17
1.363368904807637120e+17 1.339526261620353920e+17
1.374690200094179520e+17 1.352994571345358720e+17
1.278638875026647520e+17 1.258421040801011200e+17
1.264026969673637760e+17 1.245259094841627040e+17
1.586786682437011200e+17 1.570385553982540160e+17
1.398582549073140800e+17 1.382640632500581600e+17
1.144860048065577120e+17 1.129607037487803840e+17
1.099887745917967040e+17 1.085585921264087040e+17
1.029907730780856320e+17 1.016598233212436960e+17
9.822895899705784000e+16 9.697218439943468800e+16
1.054656369976419520e+17 1.042843228879017760e+17
1.237115975167618720e+17 1.226042726943604640e+17
1.050460980350840320e+17 1.040574671082880800e+17
9.146133240937057600e+16 9.053028691553147200e+16
8.109701200778904000e+16 8.018539498796518400e+16
7.785759925240860800e+16 7.692967970252003200e+16
7.393520231924052800e+16 7.324666812865492800e+16
7.078595634132591200e+16 7.008103357370700800e+16
6.419308895944895200e+16 6.355318899706478400e+16
6.659489776931467200e+16 6.597460323816710400e+16
5.771355073690253600e+16 5.715381644417432000e+16
5.690640010522809600e+16 5.636663548035514400e+16
5.523939486534860800e+16 5.474760993873712800e+16
5.172082570959502400e+16 5.124757599800955200e+16
5.331314252558912800e+16 5.289127464909634400e+16
4.867830349387163200e+16 4.828212480040947200e+16
4.415923637059957600e+16 4.379562915027312000e+16
4.478203612620296800e+16 4.443822741713457600e+16
4.821146652601494400e+16 4.788292576179849600e+16
4.355981330157101600e+16 4.325940903878043200e+16
4.281914152080920800e+16 4.252495114323408000e+16
4.788394334384113600e+16 4.761076581141927200e+16
4.737387759724528800e+16 4.713651605415828800e+16
3.576011254698796800e+16 3.553107225223071200e+16
3.516866821656096800e+16 3.495254929932054800e+16
3.382507713830646400e+16 3.361571434981034400e+16
3.822632745342920800e+16 3.803418558052464000e+16
3.005631931172477600e+16 2.987657195954303200e+16
2.857693235778180800e+16 2.841182887287356800e+16
2.637383525356670800e+16 2.621997397189264000e+16
2.560720212949792800e+16 2.546616990140153200e+16
2.462072298136659200e+16 2.448366155055161200e+16
2.297910436071819600e+16 2.284357781015025600e+16
2.247096328954984400e+16 2.234770776724189600e+16
2.142373628204850000e+16 2.130259402014203600e+16
2.073363800002200800e+16 2.062041347861694000e+16
1.954063523141150800e+16 1.943717984782627200e+16
2.431003363876952400e+16 2.421147099535696400e+16
2.129177746125386000e+16 2.120492465456454400e+16
1.891090695673049200e+16 1.884056809552076800e+16
1.549296006483120400e+16 1.542135916374456000e+16
1.650373229765367400e+16 1.643966368753844400e+16
1.459016704258383200e+16 1.452963676493266600e+16
1.462540551244548000e+16 1.456726885022994800e+16
1.476320827217194000e+16 1.470591607615712600e+16
1.367426889696152600e+16 1.362294160117786000e+16
1.567558390383859200e+16 1.562721636069025400e+16
1.392692882079235800e+16 1.388152767418153000e+16
1.494140233202584400e+16 1.489639860752524000e+16
1.235163243806815400e+16 1.230886967571328400e+16
1.093835304025795200e+16 1.090172421865355600e+16
1.105240367516924800e+16 1.102024527915999800e+16
1.068300617470534600e+16 1.065122990125074000e+16
1.028591787330260200e+16 1.025349755618285400e+16
1.223244812669945000e+16 1.220207705875374200e+16
9.388137464016808000e+15 9.360006643302450000e+15
1.026280155589881000e+16 1.023748317346607000e+16
9.260591667400690000e+15 9.236212253542770000e+15
9.180271136872544000e+15 9.158776520254184000e+15
9.336412459504964000e+15 9.315839957363428000e+15
1.143577801161935000e+16 1.141597241386707600e+16
8.774376961550186000e+15 8.754915344207775000e+15
7.182617544668914000e+15 7.163991866384320000e+15
6.712693258051562000e+15 6.694009466728135000e+15
7.222481895977188000e+15 7.205656983815499000e+15
6.325354290941525000e+15 6.311161810860820000e+15
6.921542865794115000e+15 6.908560665748463000e+15
5.079591238448223000e+15 5.067437605902651000e+15
4.724034364706656000e+15 4.712495818269929000e+15
6.852066054066330000e+15 6.840139179462004000e+15
6.922352462048716000e+15 6.910934489097060000e+15
6.365965076066336000e+15 6.356250901166379000e+15
4.816647552923535000e+15 4.807670516854692000e+15
5.101318842752438000e+15 5.091657214034661000e+15
4.432099083856946000e+15 4.424652263748096500e+15
4.476157973986453000e+15 4.468280622710360500e+15
4.263116910913906000e+15 4.255896338755037000e+15
4.389577129658987500e+15 4.381939044525860500e+15
4.304800925168075000e+15 4.298211430474917000e+15
6.353818459915631000e+15 6.347194535717399000e+15
3.175407660838575000e+15 3.169325711153031000e+15
3.068570560840226500e+15 3.062985363987948000e+15
2.934282014445577500e+15 2.929180311305098000e+15
3.019029128664525500e+15 3.014114399921461500e+15
2.717571015082200500e+15 2.712988073514298500e+15
2.630803692509136500e+15 2.626786894551578500e+15
2.549705963416034000e+15 2.545821203198507000e+15
2.361144547419060500e+15 2.357527411038829000e+15
2.617062554514781500e+15 2.613730333735866000e+15
2.351940356345466500e+15 2.348671755269839500e+15
2.632844315085257500e+15 2.629508304578121000e+15
2.100138957214439750e+15 2.097114585683732750e+15
2.149670405273192500e+15 2.146716676426916500e+15
1.918750486880168750e+15 1.915866987950344000e+15
2.030342056172033750e+15 2.027751809016408250e+15
1.728637561197622500e+15 1.725978123989426500e+15
1.608012821134610250e+15 1.605398740813268750e+15
1.557423928733980000e+15 1.555001851796534750e+15
1.415174819242457250e+15 1.412902461480540250e+15
1.359607002468110750e+15 1.357850473291203250e+15
1.340882932845999000e+15 1.339203456319165750e+15
1.256131821883603750e+15 1.254496694646109500e+15
1.167106833247102250e+15 1.165431089621741500e+15
1.098254900929309000e+15 1.096504724797340500e+15
1.128243232485810000e+15 1.126838120058242750e+15
1.260606542228637000e+15 1.259054768597252750e+15
1.193882370217778250e+15 1.192537704485263500e+15
1.158514225044133250e+15 1.156998884444712500e+15
1.046201249076644000e+15 1.045157664792323000e+15
9.272849973346276250e+14 9.261895262263085000e+14
9.089594499036387500e+14 9.077994713624691250e+14
8.685136228377412500e+14 8.669300914140047500e+14
7.854266094821903750e+14 7.843467002553056250e+14
8.428433155354830000e+14 8.421346487243241250e+14
8.158819486615038750e+14 8.151904586717712500e+14
7.485670835009117500e+14 7.479224011506860000e+14
8.804212000156510000e+14 8.798130834429612500e+14
7.711715843863341250e+14 7.706656849696866250e+14
6.800000460063221250e+14 6.794579815990283750e+14
6.257700932121453750e+14 6.252840179845356250e+14
5.165677294896031875e+14 5.161056730847475625e+14
5.807661053321076250e+14 5.803976393953525000e+14
6.116573988867558750e+14 6.113031060568931250e+14
6.121325650949893750e+14 6.118391566625118750e+14
5.593160553027950625e+14 5.590247701239745000e+14
4.903166748916655625e+14 4.900524705098868125e+14
4.824268743254441250e+14 4.821779786406088125e+14
5.851534681114610000e+14 5.849166661151598750e+14
4.157703898756040000e+14 4.155526783808713125e+14
4.081415656527473750e+14 4.079131266985576250e+14
4.322672812037163750e+14 4.320698574882464375e+14
3.379476712819102500e+14 3.377620465619691875e+14
3.432246910157993750e+14 3.430399081935036250e+14
3.033694068990461875e+14 3.032158897374859375e+14
3.318102501427983125e+14 3.316556235804418750e+14
2.758705926948080000e+14 2.757079300845510000e+14
3.096294258383750625e+14 3.094631068712921250e+14
3.105023777119787500e+14 3.103407902284372500e+14
3.031842745274198125e+14 3.030169057316563125e+14
3.837285899724433750e+14 3.836062171417467500e+14
2.807253828336555000e+14 2.805964796267444375e+14
2.593098938483715938e+14 2.591889208102652812e+14
3.073844830797475625e+14 3.072787645093662500e+14
1.997506120121975938e+14 1.996399631411325312e+14
1.933660996183580312e+14 1.932789606462496250e+14
2.043169609466831562e+14 2.042449775763822812e+14
1.926782644215126562e+14 1.926080481806386250e+14
2.063460307651011562e+14 2.062564039683406562e+14
2.124746318327556562e+14 2.124041436863585938e+14
1.720204573395717500e+14 1.719627419295276562e+14
1.714089556641208750e+14 1.713530762420736250e+14
1.701547445715924062e+14 1.700799111390250312e+14
2.276616029265012500e+14 2.276194338018600000e+14
1.783588577300904375e+14 1.783161955736919375e+14
1.602582554171137500e+14 1.602203319215564375e+14
1.605848624165930938e+14 1.605477401159015312e+14
1.589194063552690938e+14 1.588777549911941875e+14
1.116605144379262656e+14 1.116250797180110156e+14
1.088483350652169844e+14 1.088153709009382031e+14
1.112534017780044531e+14 1.112188360748867656e+14
9.815304672271992188e+13 9.812174257661612500e+13
9.060622591619045312e+13 9.057690548989707812e+13
1.078267934655702188e+14 1.077969711564404375e+14
9.109156953387729688e+13 9.106592053893859375e+13
1.045391060540870156e+14 1.045133477811663125e+14
9.912243530254167188e+13 9.909532123029467188e+13
9.179246525884667188e+13 9.176794599426309375e+13
7.479132342629067188e+13 7.476565465848217188e+13
1.076695062353707344e+14 1.076466426098484844e+14
8.738631375231765625e+13 8.736291699672134375e+13
8.530258468431914062e+13 8.528486776855193750e+13
1.002471759266045469e+14 1.002279053553857969e+14
7.693351616730153125e+13 7.691422248368135938e+13
1.057190726504282656e+14 1.057037774532825781e+14
6.602462921769565625e+13 6.600878934075263281e+13
6.260608331450757812e+13 6.259115123578678906e+13
6.635769730548221875e+13 6.634309893233032031e+13
7.043989600580164062e+13 7.042407246965340625e+13
6.853917275596898438e+13 6.852342987227304688e+13
4.787544123186655469e+13 4.786200851359341406e+13
4.688081984395473438e+13 4.687008517219078125e+13
3.943266659389646094e+13 3.942224449871299219e+13
4.254917997653066406e+13 4.253696722821048438e+13
3.682580033393817188e+13 3.681667275271489062e+13
4.028724749063178125e+13 4.027797549563482812e+13
4.290274869590678125e+13 4.289482743106839844e+13
3.476192277649075391e+13 3.475390036792027734e+13
3.489270829111254297e+13 3.488482901542864844e+13
3.386373447893030859e+13 3.385531780235619141e+13
3.528403688986245312e+13 3.527634029968239062e+13
3.477049127792064062e+13 3.476283682003614453e+13
3.220298973339377344e+13 3.219492987854228125e+13
3.029226666987806641e+13 3.028471260911774609e+13
2.565765702205423828e+13 2.565011004418632031e+13
2.905982346858498828e+13 2.905346051672615234e+13
2.219554406999667188e+13 2.219028930245344531e+13
2.149046887093419141e+13 2.148540686834278125e+13
2.322281886513478516e+13 2.321694795698722266e+13
2.573754937442728125e+13 2.573221557981693359e+13
2.215666846709527734e+13 2.215140163116834766e+13
2.093864349660685938e+13 2.093403172990692188e+13
1.950916562409517969e+13 1.950493762869094531e+13
2.050660786063991797e+13 2.050305431639301953e+13
2.036828739739560547e+13 2.036446329715925781e+13
2.662947150186715234e+13 2.662585455675783984e+13
1.794990244774140625e+13 1.794634310497960156e+13
1.594546860533352344e+13 1.594253128086853906e+13
1.647908543424899219e+13 1.647520061754750195e+13
1.244921940652908789e+13 1.244667407316416211e+13
1.387344179042424805e+13 1.387117243966001953e+13
1.275687993986107617e+13 1.275445078157204883e+13
1.104389613286597656e+13 1.104152259848122266e+13
1.069582511185811914e+13 1.069382566870788281e+13
1.330431274650639648e+13 1.330216682133311719e+13
1.420548646366569531e+13 1.420315719815907812e+13
1.120334626859184961e+13 1.120136009391142969e+13
9.891265979165378906e+12 9.889565648695837891e+12
1.569674384880663477e+13 1.569498558908582031e+13
1.344439148594737305e+13 1.344261679666784570e+13
1.195651656422338086e+13 1.195471427893815625e+13
1.271710363237556055e+13 1.271527419756386914e+13
1.163305132690176758e+13 1.163079557165433594e+13
7.047050426317326172e+12 7.044731275042055664e+12
6.726174701895259766e+12 6.723104637179086914e+12
6.668082288855109375e+12 6.666227141337822266e+12
6.578305645062202148e+12 6.577862795656179688e+12
6.540220263331818359e+12 6.540197220762799805e+12
6.906093922699198242e+12 6.906089129723826172e+12
5.067815999742551758e+12 5.067815925371993164e+12
4.914430313055986328e+12 4.914430313055986328e+12
4.436985987063646484e+12 4.436985987063646484e+12
4.574443968369789062e+12 4.574443968369789062e+12
4.150362323455104492e+12 4.150362323455104492e+12
3.547755034622858398e+12 3.547755034622858398e+12
4.049049094609047852e+12 4.049049094609047852e+12
3.581157169218038086e+12 3.581157169218038086e+12
4.511843061831807617e+12 4.511843061831807617e+12
3.708889665388142578e+12 3.708889665388142578e+12
3.587431501799916504e+12 3.587431501799916504e+12
3.522394091821466797e+12 3.522394091821466797e+12
3.765041418897026855e+12 3.765041418897026855e+12
3.779078671478784180e+12 3.779078671478784180e+12
3.873146326544417969e+12 3.873146326544417969e+12
6.666264462270068359e+12 6.666264462270068359e+12
5.722066239919087891e+12 5.722066239919087891e+12
6.099233984284512695e+12 6.099233984284512695e+12
5.929325521506087891e+12 5.929325521506087891e+12
1.099806706392239648e+13 1.099806706392239648e+13
3.543940091643540039e+12 3.543940091643540039e+12
2.729634434443344238e+12 2.729634434443344238e+12
2.440914318011410645e+12 2.440914318011410645e+12
2.698242589902990234e+12 2.698242589902990234e+12
2.654930164053291016e+12 2.654930164053291016e+12
2.813160928982131348e+12 2.813160928982131348e+12
2.154720261461464111e+12 2.154720261461464111e+12
4.289726980721969727e+12 4.289726980721969727e+12
2.898878141905783691e+12 2.898878141905783691e+12
2.928523126178251953e+12 2.928523126178251953e+12
3.830990648814742188e+12 3.830990648814742188e+12
2.145566338428596191e+12 2.145566338428596191e+12
2.465505391114382324e+12 2.465505391114382324e+12
2.060636126441006104e+12 2.060636126441006104e+12
2.264398645161853516e+12 2.264398645161853516e+12
1.939501881588276855e+12 1.939501881588276855e+12
1.273702501904412842e+12 1.273702501904412842e+12
1.341662278509699463e+12 1.341662278509699463e+12
1.300630696580967285e+12 1.300630696580967285e+12
1.243941293785591309e+12 1.243941293785591309e+12
1.240001491627283936e+12 1.240001491627283936e+12
9.304255237279677734e+11 9.304255237279677734e+11
9.111204879840402832e+11 9.111204879840402832e+11
1.301086154855359131e+12 1.301086154855359131e+12
1.205228805203648438e+12 1.205228805203648438e+12
1.545842078604980957e+12 1.545842078604980957e+12
7.254619672390424805e+11 7.254619672390424805e+11
1.014453570420977051e+12 1.014453570420977051e+12
1.013375346186148926e+12 1.013375346186148926e+12
1.116925960363091797e+12 1.116925960363091797e+12
1.918776658182258301e+12 1.918776658182258301e+12
9.929025811728763428e+11 9.929025811728763428e+11
9.391877863024766846e+11 9.391877863024766846e+11
6.646806211203259277e+11 6.646806211203259277e+11
6.157121279185512695e+11 6.157121279185512695e+11
6.059434235611033936e+11 6.059434235611033936e+11
6.414523091696441650e+11 6.414523091696441650e+11
6.220190316447153320e+11 6.220190316447153320e+11
6.093892299302365723e+11 6.093892299302365723e+11
6.188584771942073975e+11 6.188584771942073975e+11
4.107594793380712280e+11 4.107594793380712280e+11
3.929752886272396240e+11 3.929752886272396240e+11
3.804818546126030273e+11 3.804818546126030273e+11
3.656000093578697510e+11 3.656000093578697510e+11
3.816275162238765869e+11 3.816275162238765869e+11
3.780688913827150879e+11 3.780688913827150879e+11
4.338722759683286133e+11 4.338722759683286133e+11
3.597909274239323730e+11 3.597909274239323730e+11
2.805583411676655273e+11 2.805583411676655273e+11
3.206170177144505005e+11 3.206170177144505005e+11
2.613030632183184814e+11 2.613030632183184814e+11
1.945302786500543518e+11 1.945302786500543518e+11
1.790430071781969604e+11 1.790430071781969604e+11
1.764112299636993103e+11 1.764112299636993103e+11
1.827412292558489380e+11 1.827412292558489380e+11
1.571686335141395874e+11 1.571686335141395874e+11
1.655481378719663696e+11 1.655481378719663696e+11
2.018327115527028198e+11 2.018327115527028198e+11
1.545563840660013428e+11 1.545563840660013428e+11
1.416509396466761780e+11 1.416509396466761780e+11
1.310072101757207947e+11 1.310072101757207947e+11
1.390232066100332947e+11 1.390232066100332947e+11
1.265208952688808441e+11 1.265208952688808441e+11
8.508226184839381409e+10 8.508226184839381409e+10
9.143515600074185181e+10 9.143515600074185181e+10
7.870628621026071167e+10 7.870628621026071167e+10
8.334797119912649536e+10 8.334797119912649536e+10
7.662048079032568359e+10 7.662048079032568359e+10
8.049570323186210632e+10 8.049570323186210632e+10
8.794895530967276001e+10 8.794895530967276001e+10
1.106287702929915009e+11 1.106287702929915009e+11
5.910554372420440674e+10 5.910554372420440674e+10
2.125553279728470215e+12 2.125553279728470215e+12
1.311060099953181641e+12 1.311060099953181641e+12
1.115414319741694824e+12 1.115414319741694824e+12
1.068541931748198608e+12 1.068541931748198608e+12
1.132507713603398193e+12 1.132507713603398193e+12
1.435073363720312256e+12 1.435073363720312256e+12
4.845830157631622070e+12 4.845830157631622070e+12
1.323031612867685127e+10 1.323031612867685127e+10
1.697582926862251931e-19 1.697244708642421700e-19
1.334567314542383206e-19 1.334222283035658448e-19
1.208804861491840094e-19 1.208444390280896195e-19
1.101132507875999058e-19 1.100847971312237487e-19
1.065803991260903838e-19 1.065541370483845930e-19
9.840439604880113255e-20 9.838282268958853282e-20
1.074501364690159316e-19 1.074262495524456777e-19
1.008416648325093519e-19 1.008203606338478198e-19
1.013870905667036296e-19 1.013674587484928563e-19
9.398737776069890805e-20 9.396291011533210176e-20
1.100983449499339062e-19 1.100833377407968427e-19
9.809950280455690156e-20 9.808457006919764737e-20
1.052177050326436626e-19 1.052037856629826930e-19
1.200864000255837694e-19 1.200723877067085192e-19
9.928624569900305913e-20 9.927175303880537463e-20
9.724423987184648829e-20 9.722873285264040221e-20
1.384867320183699124e-19 1.384730888068102136e-19
1.032281901018801421e-19 1.032156412600203209e-19
1.142611327709143887e-19 1.142470854502221774e-19
1.008873579386215375e-19 1.008738077738287442e-19
9.175144338829254023e-20 9.174053112139003432e-20
8.642336882420006360e-20 8.641154433372071678e-20
8.086483278893738104e-20 8.085349788530166951e-20
7.474880016732404757e-20 7.473863044509533569e-20
6.880824835466874566e-20 6.879996258377195653e-20
6.986891187452922555e-20 6.986187861411261246e-20
6.248553893164419296e-20 6.247908297849486088e-20
6.418842135088777244e-20 6.418213988311959654e-20
6.582313353536893096e-20 6.581749495542478963e-20
5.520175614908605456e-20 5.519633566182476921e-20
5.140727561008927847e-20 5.140157458991277430e-20
5.468727969834676715e-20 5.468230103148384108e-20
1.262773539888506760e-19 1.262724013756794491e-19
5.590212803789832637e-20 5.589720736527448979e-20
5.063388756883873631e-20 5.062880744552785424e-20
5.548817325254663182e-20 5.548323484955680631e-20
5.226003885031852191e-20 5.225531533128228882e-20
4.670455947330540080e-20 4.669934111817805485e-20
4.727754223163194413e-20 4.727299593599925281e-20
4.317322551740278838e-20 4.316873709056454009e-20
3.922831850169768817e-20 3.922334310099781446e-20
3.837790441238227281e-20 3.837333291351233834e-20
3.367113334536134636e-20 3.366617574155242817e-20
3.438114785406298287e-20 3.437730729026446802e-20
3.187741625639738500e-20 3.187367058421321470e-20
3.203238777883902030e-20 3.202856846283637611e-20
3.628397346824088616e-20 3.627999702506091024e-20
3.126531786251252686e-20 3.126094863284511640e-20
4.295186211587765548e-20 4.294812534522795595e-20
4.113997603805982720e-20 4.113714485203988353e-20
3.592978696195034314e-20 3.592690565299901729e-20
3.220790481009622753e-20 3.220493669915583895e-20
3.201725204610816722e-20 3.201387577934380832e-20
3.954493729530232398e-20 3.954180398766393602e-20
3.523468989976683467e-20 3.523268963216986614e-20
2.885286099399795701e-20 2.885087647726571475e-20
4.753920987902179083e-20 4.753723781245259395e-20
3.671670389834933646e-20 3.671473909893047845e-20
3.346622972879617171e-20 3.346426490365589336e-20
3.393562997617704055e-20 3.393366274443446813e-20
3.176759087991431724e-20 3.176560505086278173e-20
2.897890787901921914e-20 2.897688593817041769e-20
2.802077362638328875e-20 2.801867052481352288e-20
2.677622602411630608e-20 2.677371337083398052e-20
3.415405006838113124e-20 3.415207295944915743e-20
2.925838321219789130e-20 2.925622206351341774e-20
3.411116801118813239e-20 3.410862202950761744e-20
2.877262381028466292e-20 2.877120932354330464e-20
2.780564356098147708e-20 2.780430713266067647e-20
2.504083042220066598e-20 2.503943183187195550e-20
2.406586813349635335e-20 2.406445974379851635e-20
2.385409001870119212e-20 2.385277056278571516e-20
2.458070032516955690e-20 2.457926447810175497e-20
2.036911474659554888e-20 2.036720358082988361e-20
1.927362749901374433e-20 1.927279795757830015e-20
1.962960853080204099e-20 1.962879170504228646e-20
1.809659824677650187e-20 1.809578442492581686e-20
1.822670901861212062e-20 1.822589499971712657e-20
1.858100750625073035e-20 1.858018857613680267e-20
1.869379951854231300e-20 1.869296731310264440e-20
3.424848277224010035e-20 3.424763069071085210e-20
1.441239980088429798e-20 1.441147759494698762e-20
1.347453944653490849e-20 1.347373798177608439e-20
1.254332759232628491e-20 1.254259838840120083e-20
1.384861227499716661e-20 1.384803101882341008e-20
1.664468097057710984e-20 1.664410351065445546e-20
1.427901439513036960e-20 1.427843889928898666e-20
1.349952240446992285e-20 1.349894888238675018e-20
1.114090974142044090e-20 1.114033328811105094e-20
1.151915683703279433e-20 1.151857063580701449e-20
2.539673733088748988e-20 2.539618426493091417e-20
1.104293450943733954e-20 1.104238075447973097e-20
1.024433035429630753e-20 1.024376661146203364e-20
1.615784957790611038e-20 1.615725332158078374e-20
1.377999380004823336e-20 1.377947378332821850e-20
1.276301579482742411e-20 1.276248821662707489e-20
1.201084523770245520e-20 1.201030532467358597e-20
1.230408157976459642e-20 1.230352196970588805e-20
1.729125782030775035e-20 1.729066334202520004e-20
1.293988645417683949e-20 1.293920846166730027e-20
1.215482562789708355e-20 1.215428042026276190e-20
1.091747264671880043e-20 1.091672275255328265e-20
9.472325726497065828e-21 9.471724375292036483e-21
1.451179907068651723e-20 1.451146890819921808e-20
1.071565469420254013e-20 1.071530461921619347e-20
9.810487003323399783e-21 9.810086728993769960e-21
9.277120983731075033e-21 9.276887783425909208e-21
8.945044364331108370e-21 8.944791569447240778e-21
8.756107326695506721e-21 8.755888420427976464e-21
1.025473422018494452e-20 1.025451299140850850e-20
7.382776561828735401e-21 7.382547827761418031e-21
7.160703262999172951e-21 7.160469272138230892e-21
6.972256485330377965e-21 6.972037092498502049e-21
6.832892064821209668e-21 6.832667490649068697e-21
6.596623994461830545e-21 6.596391450416877239e-21
6.478540525405409257e-21 6.478293322843060300e-21
6.395659693535743045e-21 6.395434755108677008e-21
6.366728647542713412e-21 6.366490627236872522e-21
6.430719621868544150e-21 6.430451288141592078e-21
7.163270100293373370e-21 7.163003546421269000e-21
5.677564344442639900e-21 5.677248987289109989e-21
1.011938254044371073e-20 1.011884954009062560e-20
6.544011038733956896e-21 6.543820100358686573e-21
5.986016324924449677e-21 5.985764632871625103e-21
5.692767641032511746e-21 5.692726130044502938e-21
5.507942932969478396e-21 5.507897961963363902e-21
5.391063806129288186e-21 5.391012943174090589e-21
5.334349384304017383e-21 5.334277998845962861e-21
5.355468209936916800e-21 5.355452184612100029e-21
5.540689886899458931e-21 5.540673990423049312e-21
7.312424956292666393e-21 7.312409142357300408e-21
4.657454396885640463e-21 4.657438591891930114e-21
4.881836082047947967e-21 4.881820054832256937e-21
6.182903103504020176e-21 6.182887723789078250e-21
4.166626194298851615e-21 4.166610750483190121e-21
3.284348026516632011e-21 3.284332218410656112e-21
3.317484376692983625e-21 3.317467238413815387e-21
3.596783140039452616e-21 3.596769843375160225e-21
2.739052978365370525e-21 2.739039668106885071e-21
2.724234971977031848e-21 2.724221552454594339e-21
2.737875520683066524e-21 2.737862208030046414e-21
2.821328816194384493e-21 2.821315297476253756e-21
2.435928143002592144e-21 2.435914234574249809e-21
2.469596057948616147e-21 2.469581353608390106e-21
2.633210248733059507e-21 2.633193268297315170e-21
2.036691761912197996e-21 2.036681981132518568e-21
1.996212880739606168e-21 1.996203097393449423e-21
1.975148983296938244e-21 1.975139098050786969e-21
1.960616950960214417e-21 1.960607155502696754e-21
1.941015638752503866e-21 1.941005736242453868e-21
1.936546397197894552e-21 1.936536275279245784e-21
1.942183635017120398e-21 1.942172804614376737e-21
1.965535309227717655e-21 1.965525799622567836e-21
1.969354241592860145e-21 1.969344542469469814e-21
2.056718396761616568e-21 2.056708405782776134e-21
2.542968436241396804e-21 2.542957918349728984e-21
1.799079116059513361e-21 1.799069140416592020e-21
2.034417076139790635e-21 2.034406543403599856e-21
1.667455066721883781e-21 1.667443638161415282e-21
1.702306096706047727e-21 1.702292980320776135e-21
1.798099060936055222e-21 1.798081037491314011e-21
1.957288043176099031e-21 1.957283735099973522e-21
3.334621663668926132e-21 3.334617278837096316e-21
1.569731399957942059e-21 1.569726913697959641e-21
2.032521625411514910e-21 2.032517005139315577e-21
1.497123555453252365e-21 1.497118758820002300e-21
1.362442130129937977e-21 1.362437095362204208e-21
1.081651500645484877e-21 1.081646136014654904e-21
1.454928164461769435e-21 1.454922320909143489e-21
5.035849177973309836e-22 5.035783217522972852e-22
5.012037647482695092e-22 5.011957985264629770e-22
4.998795451368126545e-22 4.998680146090204119e-22
4.998010905498277146e-22 4.998010905498277146e-22
5.014849675979906772e-22 5.014849675979906772e-22
5.030145132858935718e-22 5.030145132858935718e-22
5.082704492247804386e-22 5.082704492247804386e-22
5.167166826222936638e-22 5.167166826222936638e-22
5.302358987612902342e-22 5.302358987612902342e-22
5.556795627990759335e-22 5.556795627990759335e-22
5.463333547924883292e-22 5.463333547924883292e-22
5.840697967775965293e-22 5.840697967775965293e-22
6.612831889622544239e-22 6.612831889622544239e-22
1.003265518847386651e-21 1.003265518847386651e-21
3.746978073020098170e-22 3.746978073020098170e-22
3.946247822200340391e-22 3.946247822200340391e-22
4.273526621355736547e-22 4.273526621355736547e-22
4.940675188867628665e-22 4.940675188867628665e-22
8.446551722529018607e-22 8.446551722529018607e-22
2.615011557713550146e-22 2.615011557713550146e-22
2.793653962821022974e-22 2.793653962821022974e-22
3.070883745170680523e-22 3.070883745170680523e-22
3.569040683972008460e-22 3.569040683972008460e-22
5.055114016341316803e-22 5.055114016341316803e-22
2.416611475953968712e-22 2.416611475953968712e-22
3.330364434824585223e-22 3.330364434824585223e-22
0.000000000000000000e+00 0.000000000000000000e+00
0.000000000000000000e+00 0.000000000000000000e+00
0.000000000000000000e+00 0.000000000000000000e+00
0.000000000000000000e+00 0.000000000000000000e+00
0.000000000000000000e+00 0.000000000000000000e+00
0.000000000000000000e+00 0.000000000000000000e+00
0.000000000000000000e+00 0.000000000000000000e+00
0.000000000000000000e+00 0.000000000000000000e+00
0.000000000000000000e+00 0.000000000000000000e+00
0.000000000000000000e+00 0.000000000000000000e+00
0.000000000000000000e+00 0.000000000000000000e+00
0.000000000000000000e+00 0.000000000000000000e+00
0.000000000000000000e+00 0.000000000000000000e+00
0.000000000000000000e+00 0.000000000000000000e+00
0.000000000000000000e+00 0.000000000000000000e+00
0.000000000000000000e+00 0.000000000000000000e+00
0.000000000000000000e+00 0.000000000000000000e+00
0.000000000000000000e+00 0.000000000000000000e+00
0.000000000000000000e+00 0.000000000000000000e+00
0.000000000000000000e+00 0.000000000000000000e+00
0.000000000000000000e+00 0.000000000000000000e+00
0.000000000000000000e+00 0.000000000000000000e+00
0.000000000000000000e+00 0.000000000000000000e+00
0.000000000000000000e+00 0.000000000000000000e+00
0.000000000000000000e+00 0.000000000000000000e+00
0.000000000000000000e+00 0.000000000000000000e+00
0.000000000000000000e+00 0.000000000000000000e+00
0.000000000000000000e+00 0.000000000000000000e+00
0.000000000000000000e+00 0.000000000000000000e+00
0.000000000000000000e+00 0.000000000000000000e+00
0.000000000000000000e+00 0.000000000000000000e+00
0.000000000000000000e+00 0.000000000000000000e+00
0.000000000000000000e+00 0.000000000000000000e+00
0.000000000000000000e+00 0.000000000000000000e+00
0.000000000000000000e+00 0.000000000000000000e+00
0.000000000000000000e+00 0.000000000000000000e+00
0.000000000000000000e+00 0.000000000000000000e+00
0.000000000000000000e+00 0.000000000000000000e+00
0.000000000000000000e+00 0.000000000000000000e+00
0.000000000000000000e+00 0.000000000000000000e+00
0.000000000000000000e+00 0.000000000000000000e+00
0.000000000000000000e+00 0.000000000000000000e+00
0.000000000000000000e+00 0.000000000000000000e+00
0.000000000000000000e+00 0.000000000000000000e+00
0.000000000000000000e+00 0.000000000000000000e+00
0.000000000000000000e+00 0.000000000000000000e+00
0.000000000000000000e+00 0.000000000000000000e+00
0.000000000000000000e+00 0.000000000000000000e+00
0.000000000000000000e+00 0.000000000000000000e+00
0.000000000000000000e+00 0.000000000000000000e+00
0.000000000000000000e+00 0.000000000000000000e+00
0.000000000000000000e+00 0.000000000000000000e+00
0.000000000000000000e+00 0.000000000000000000e+00
0.000000000000000000e+00 0.000000000000000000e+00
0.000000000000000000e+00 0.000000000000000000e+00
0.000000000000000000e+00 0.000000000000000000e+00
0.000000000000000000e+00 0.000000000000000000e+00
0.000000000000000000e+00 0.000000000000000000e+00
0.000000000000000000e+00 0.000000000000000000e+00
0.000000000000000000e+00 0.000000000000000000e+00
0.000000000000000000e+00 0.000000000000000000e+00
0.000000000000000000e+00 0.000000000000000000e+00
0.000000000000000000e+00 0.000000000000000000e+00
0.000000000000000000e+00 0.000000000000000000e+00
0.000000000000000000e+00 0.000000000000000000e+00
0.000000000000000000e+00 0.000000000000000000e+00
0.000000000000000000e+00 0.000000000000000000e+00
0.000000000000000000e+00 0.000000000000000000e+00
0.000000000000000000e+00 0.000000000000000000e+00
0.000000000000000000e+00 0.000000000000000000e+00
0.000000000000000000e+00 0.000000000000000000e+00
0.000000000000000000e+00 0.000000000000000000e+00
0.000000000000000000e+00 0.000000000000000000e+00
0.000000000000000000e+00 0.000000000000000000e+00
0.000000000000000000e+00 0.000000000000000000e+00
0.000000000000000000e+00 0.000000000000000000e+00
0.000000000000000000e+00 0.000000000000000000e+00
0.000000000000000000e+00 0.000000000000000000e+00
0.000000000000000000e+00 0.000000000000000000e+00
0.000000000000000000e+00 0.000000000000000000e+00
0.000000000000000000e+00 0.000000000000000000e+00
0.000000000000000000e+00 0.000000000000000000e+00
0.000000000000000000e+00 0.000000000000000000e+00
0.000000000000000000e+00 0.000000000000000000e+00
0.000000000000000000e+00 0.000000000000000000e+00
0.000000000000000000e+00 0.000000000000000000e+00
0.000000000000000000e+00 0.000000000000000000e+00
0.000000000000000000e+00 0.000000000000000000e+00
0.000000000000000000e+00 0.000000000000000000e+00
0.000000000000000000e+00 0.000000000000000000e+00
0.000000000000000000e+00 0.000000000000000000e+00
0.000000000000000000e+00 0.000000000000000000e+00
0.000000000000000000e+00 0.000000000000000000e+00
0.000000000000000000e+00 0.000000000000000000e+00
0.000000000000000000e+00 0.000000000000000000e+00
0.000000000000000000e+00 0.000000000000000000e+00
0.000000000000000000e+00 0.000000000000000000e+00
0.000000000000000000e+00 0.000000000000000000e+00
0.000000000000000000e+00 0.000000000000000000e+00
0.000000000000000000e+00 0.000000000000000000e+00
0.000000000000000000e+00 0.000000000000000000e+00
0.000000000000000000e+00 0.000000000000000000e+00
0.000000000000000000e+00 0.000000000000000000e+00
0.000000000000000000e+00 0.000000000000000000e+00
0.000000000000000000e+00 0.000000000000000000e+00
0.000000000000000000e+00 0.000000000000000000e+00
0.000000000000000000e+00 0.000000000000000000e+00
0.000000000000000000e+00 0.000000000000000000e+00
0.000000000000000000e+00 0.000000000000000000e+00
0.000000000000000000e+00 0.000000000000000000e+00
0.000000000000000000e+00 0.000000000000000000e+00
0.000000000000000000e+00 0.000000000000000000e+00
0.000000000000000000e+00 0.000000000000000000e+00
0.000000000000000000e+00 0.000000000000000000e+00
0.000000000000000000e+00 0.000000000000000000e+00
0.000000000000000000e+00 0.000000000000000000e+00
0.000000000000000000e+00 0.000000000000000000e+00
0.000000000000000000e+00 0.000000000000000000e+00
0.000000000000000000e+00 0.000000000000000000e+00
0.000000000000000000e+00 0.000000000000000000e+00
0.000000000000000000e+00 0.000000000000000000e+00
0.000000000000000000e+00 0.000000000000000000e+00
0.000000000000000000e+00 0.000000000000000000e+00
0.000000000000000000e+00 0.000000000000000000e+00
0.000000000000000000e+00 0.000000000000000000e+00
0.000000000000000000e+00 0.000000000000000000e+00
0.000000000000000000e+00 0.000000000000000000e+00
0.000000000000000000e+00 0.000000000000000000e+00
0.000000000000000000e+00 0.000000000000000000e+00
0.000000000000000000e+00 0.000000000000000000e+00
0.000000000000000000e+00 0.000000000000000000e+00
0.000000000000000000e+00 0.000000000000000000e+00
0.000000000000000000e+00 0.000000000000000000e+00
0.000000000000000000e+00 0.000000000000000000e+00
0.000000000000000000e+00 0.000000000000000000e+00
0.000000000000000000e+00 0.000000000000000000e+00
0.000000000000000000e+00 0.000000000000000000e+00
0.000000000000000000e+00 0.000000000000000000e+00
0.000000000000000000e+00 0.000000000000000000e+00
0.000000000000000000e+00 0.000000000000000000e+00
0.000000000000000000e+00 0.000000000000000000e+00
0.000000000000000000e+00 0.000000000000000000e+00
0.000000000000000000e+00 0.000000000000000000e+00
0.000000000000000000e+00 0.000000000000000000e+00
0.000000000000000000e+00 0.000000000000000000e+00
0.000000000000000000e+00 0.000000000000000000e+00
0.000000000000000000e+00 0.000000000000000000e+00
0.000000000000000000e+00 0.000000000000000000e+00
0.000000000000000000e+00 0.000000000000000000e+00
0.000000000000000000e+00 0.000000000000000000e+00
0.000000000000000000e+00 0.000000000000000000e+00
0.000000000000000000e+00 0.000000000000000000e+00
0.000000000000000000e+00 0.000000000000000000e+00
0.000000000000000000e+00 0.000000000000000000e+00
0.000000000000000000e+00 0.000000000000000000e+00
0.000000000000000000e+00 0.000000000000000000e+00
0.000000000000000000e+00 0.000000000000000000e+00
0.000000000000000000e+00 0.000000000000000000e+00
0.000000000000000000e+00 0.000000000000000000e+00
0.000000000000000000e+00 0.000000000000000000e+00
0.000000000000000000e+00 0.000000000000000000e+00
0.000000000000000000e+00 0.000000000000000000e+00
0.000000000000000000e+00 0.000000000000000000e+00
0.000000000000000000e+00 0.000000000000000000e+00
0.000000000000000000e+00 0.000000000000000000e+00
0.000000000000000000e+00 0.000000000000000000e+00
0.000000000000000000e+00 0.000000000000000000e+00
0.000000000000000000e+00 0.000000000000000000e+00
0.000000000000000000e+00 0.000000000000000000e+00
0.000000000000000000e+00 0.000000000000000000e+00
0.000000000000000000e+00 0.000000000000000000e+00
0.000000000000000000e+00 0.000000000000000000e+00
0.000000000000000000e+00 0.000000000000000000e+00
0.000000000000000000e+00 0.000000000000000000e+00
0.000000000000000000e+00 0.000000000000000000e+00
0.000000000000000000e+00 0.000000000000000000e+00
0.000000000000000000e+00 0.000000000000000000e+00
0.000000000000000000e+00 0.000000000000000000e+00
0.000000000000000000e+00 0.000000000000000000e+00
0.000000000000000000e+00 0.000000000000000000e+00
0.000000000000000000e+00 0.000000000000000000e+00
0.000000000000000000e+00 0.000000000000000000e+00
0.000000000000000000e+00 0.000000000000000000e+00
0.000000000000000000e+00 0.000000000000000000e+00
0.000000000000000000e+00 0.000000000000000000e+00
0.000000000000000000e+00 0.000000000000000000e+00
0.000000000000000000e+00 0.000000000000000000e+00
0.000000000000000000e+00 0.000000000000000000e+00
0.000000000000000000e+00 0.000000000000000000e+00
0.000000000000000000e+00 0.000000000000000000e+00
0.000000000000000000e+00 0.000000000000000000e+00
0.000000000000000000e+00 0.000000000000000000e+00
0.000000000000000000e+00 0.000000000000000000e+00
0.000000000000000000e+00 0.000000000000000000e+00
0.000000000000000000e+00 0.000000000000000000e+00
0.000000000000000000e+00 0.000000000000000000e+00
0.000000000000000000e+00 0.000000000000000000e+00
0.000000000000000000e+00 0.000000000000000000e+00
0.000000000000000000e+00 0.000000000000000000e+00
0.000000000000000000e+00 0.000000000000000000e+00
0.000000000000000000e+00 0.000000000000000000e+00
0.000000000000000000e+00 0.000000000000000000e+00
0.000000000000000000e+00 0.000000000000000000e+00
0.000000000000000000e+00 0.000000000000000000e+00
0.000000000000000000e+00 0.000000000000000000e+00
0.000000000000000000e+00 0.000000000000000000e+00
0.000000000000000000e+00 0.000000000000000000e+00
0.000000000000000000e+00 0.000000000000000000e+00
0.000000000000000000e+00 0.000000000000000000e+00
0.000000000000000000e+00 0.000000000000000000e+00
0.000000000000000000e+00 0.000000000000000000e+00
0.000000000000000000e+00 0.000000000000000000e+00
0.000000000000000000e+00 0.000000000000000000e+00
0.000000000000000000e+00 0.000000000000000000e+00
0.000000000000000000e+00 0.000000000000000000e+00
0.000000000000000000e+00 0.000000000000000000e+00
0.000000000000000000e+00 0.000000000000000000e+00
0.000000000000000000e+00 0.000000000000000000e+00
0.000000000000000000e+00 0.000000000000000000e+00
0.000000000000000000e+00 0.000000000000000000e+00
0.000000000000000000e+00 0.000000000000000000e+00
0.000000000000000000e+00 0.000000000000000000e+00
0.000000000000000000e+00 0.000000000000000000e+00
0.000000000000000000e+00 0.000000000000000000e+00
0.000000000000000000e+00 0.000000000000000000e+00
0.000000000000000000e+00 0.000000000000000000e+00
0.000000000000000000e+00 0.000000000000000000e+00
0.000000000000000000e+00 0.000000000000000000e+00
0.000000000000000000e+00 0.000000000000000000e+00
0.000000000000000000e+00 0.000000000000000000e+00
0.000000000000000000e+00 0.000000000000000000e+00
0.000000000000000000e+00 0.000000000000000000e+00
0.000000000000000000e+00 0.000000000000000000e+00
0.000000000000000000e+00 0.000000000000000000e+00
0.000000000000000000e+00 0.000000000000000000e+00
0.000000000000000000e+00 0.000000000000000000e+00
0.000000000000000000e+00 0.000000000000000000e+00
0.000000000000000000e+00 0.000000000000000000e+00
0.000000000000000000e+00 0.000000000000000000e+00
0.000000000000000000e+00 0.000000000000000000e+00
0.000000000000000000e+00 0.000000000000000000e+00
0.000000000000000000e+00 0.000000000000000000e+00
0.000000000000000000e+00 0.000000000000000000e+00
0.000000000000000000e+00 0.000000000000000000e+00
0.000000000000000000e+00 0.000000000000000000e+00
0.000000000000000000e+00 0.000000000000000000e+00
0.000000000000000000e+00 0.000000000000000000e+00
0.000000000000000000e+00 0.000000000000000000e+00
0.000000000000000000e+00 0.000000000000000000e+00
