9.061879799309506131e+24 0.000000000000000000e+00
9.226873332909474497e+24 0.000000000000000000e+00
8.757111825158616646e+24 0.000000000000000000e+00
8.761848741659455730e+24 0.000000000000000000e+00
8.747366856843721938e+24 0.000000000000000000e+00
1.013754780024322392e+25 0.000000000000000000e+00
8.030948355095268879e+24 0.000000000000000000e+00
7.866185221000971889e+24 0.000000000000000000e+00
7.669435241229514514e+24 0.000000000000000000e+00
7.318621295709744955e+24 0.000000000000000000e+00
7.192206361260740261e+24 0.000000000000000000e+00
7.091864472407723236e+24 0.000000000000000000e+00
6.889127646843410393e+24 0.000000000000000000e+00
6.750955758144388940e+24 0.000000000000000000e+00
6.640259768714639547e+24 0.000000000000000000e+00
6.768485547822597460e+24 0.000000000000000000e+00
6.377465485126425175e+24 0.000000000000000000e+00
6.072458336892924230e+24 0.000000000000000000e+00
5.924954519298208042e+24 0.000000000000000000e+00
5.751131975985686597e+24 0.000000000000000000e+00
5.594408358133725263e+24 0.000000000000000000e+00
5.564549708895416729e+24 0.000000000000000000e+00
5.471150865181541478e+24 0.000000000000000000e+00
5.356435240461359406e+24 0.000000000000000000e+00
5.118616366183987286e+24 0.000000000000000000e+00
4.944028560648122592e+24 0.000000000000000000e+00
4.841594797207240701e+24 0.000000000000000000e+00
4.723702821601072776e+24 0.000000000000000000e+00
4.693451708963394362e+24 0.000000000000000000e+00
4.641071143449100399e+24 0.000000000000000000e+00
4.417266076502789819e+24 0.000000000000000000e+00
4.273898246819165420e+24 0.000000000000000000e+00
4.164273849799374574e+24 0.000000000000000000e+00
4.086953725156131336e+24 0.000000000000000000e+00
4.025853685182936465e+24 0.000000000000000000e+00
3.947248423396033671e+24 0.000000000000000000e+00
3.807641990827637406e+24 0.000000000000000000e+00
3.697272129878038302e+24 0.000000000000000000e+00
3.604119386577504938e+24 0.000000000000000000e+00
3.569712573986225103e+24 0.000000000000000000e+00
3.522983956931885840e+24 0.000000000000000000e+00
3.466760043328334136e+24 0.000000000000000000e+00
3.374239792991594984e+24 0.000000000000000000e+00
3.321388973559477411e+24 0.000000000000000000e+00
3.285368112793681742e+24 0.000000000000000000e+00
3.133080036142636815e+24 0.000000000000000000e+00
3.089963962481685285e+24 0.000000000000000000e+00
2.996902936497389818e+24 0.000000000000000000e+00
2.965025512917428219e+24 0.000000000000000000e+00
3.049999050459872791e+24 0.000000000000000000e+00
2.917714285935897482e+24 0.000000000000000000e+00
2.697728352397475719e+24 0.000000000000000000e+00
2.635656814733518266e+24 0.000000000000000000e+00
2.580158589980864483e+24 0.000000000000000000e+00
2.517958288988817928e+24 0.000000000000000000e+00
2.489823896856823513e+24 0.000000000000000000e+00
2.396338753095618599e+24 0.000000000000000000e+00
2.372413298143482008e+24 0.000000000000000000e+00
2.328725102793605194e+24 0.000000000000000000e+00
2.275039533192968965e+24 0.000000000000000000e+00
2.238734652328681415e+24 0.000000000000000000e+00
2.148991320239291507e+24 0.000000000000000000e+00
2.113698831580365549e+24 0.000000000000000000e+00
2.063714230542393122e+24 0.000000000000000000e+00
2.011424958889865695e+24 0.000000000000000000e+00
1.947251296547590355e+24 0.000000000000000000e+00
1.929140670502512552e+24 0.000000000000000000e+00
1.881695018035379322e+24 0.000000000000000000e+00
1.825826238377315094e+24 0.000000000000000000e+00
1.785562913503768339e+24 0.000000000000000000e+00
1.729376175850758309e+24 0.000000000000000000e+00
1.691218693927652750e+24 0.000000000000000000e+00
1.651587035164739186e+24 0.000000000000000000e+00
1.612394014209580273e+24 0.000000000000000000e+00
1.595533482772547850e+24 0.000000000000000000e+00
1.516944129021939158e+24 0.000000000000000000e+00
1.488144569400867963e+24 0.000000000000000000e+00
1.449290258888793436e+24 0.000000000000000000e+00
1.410981987189373014e+24 0.000000000000000000e+00
1.380048846865249595e+24 0.000000000000000000e+00
1.345392278796561155e+24 0.000000000000000000e+00
1.320992357383406004e+24 0.000000000000000000e+00
1.310091502891223891e+24 0.000000000000000000e+00
1.266038867228639491e+24 0.000000000000000000e+00
1.244911787632188642e+24 0.000000000000000000e+00
1.230542052632344230e+24 0.000000000000000000e+00
1.198656384870528621e+24 0.000000000000000000e+00
1.178522076666194909e+24 0.000000000000000000e+00
1.124893279007893166e+24 0.000000000000000000e+00
1.164555128640507927e+24 0.000000000000000000e+00
1.095840987691561276e+24 0.000000000000000000e+00
1.086621898996512799e+24 0.000000000000000000e+00
1.053391749283510344e+24 0.000000000000000000e+00
1.024970995376479915e+24 0.000000000000000000e+00
9.698570640576197543e+23 0.000000000000000000e+00
9.579955260564608742e+23 0.000000000000000000e+00
9.426247856804188998e+23 0.000000000000000000e+00
9.236361303099695998e+23 0.000000000000000000e+00
8.845823242170542074e+23 0.000000000000000000e+00
8.789135615605829670e+23 0.000000000000000000e+00
8.668613279222481583e+23 0.000000000000000000e+00
8.269700953407782943e+23 0.000000000000000000e+00
8.185205836616869830e+23 0.000000000000000000e+00
7.816491609936679519e+23 0.000000000000000000e+00
7.601130404255552053e+23 0.000000000000000000e+00
7.432932375605910165e+23 0.000000000000000000e+00
7.420972626153758712e+23 0.000000000000000000e+00
7.070821160884145215e+23 0.000000000000000000e+00
6.903053345018428302e+23 0.000000000000000000e+00
6.799502193365206654e+23 0.000000000000000000e+00
6.639890674830857470e+23 0.000000000000000000e+00
6.538781645420389948e+23 0.000000000000000000e+00
6.503710063491519034e+23 0.000000000000000000e+00
6.505181237808560257e+23 0.000000000000000000e+00
6.089955013209862911e+23 0.000000000000000000e+00
5.863950615621477199e+23 0.000000000000000000e+00
5.772576877296506750e+23 0.000000000000000000e+00
5.618522246958540401e+23 0.000000000000000000e+00
5.453673168387861077e+23 0.000000000000000000e+00
5.385639975485860689e+23 0.000000000000000000e+00
5.235702206225323550e+23 0.000000000000000000e+00
5.138713056044418817e+23 0.000000000000000000e+00
4.993657725512428447e+23 0.000000000000000000e+00
4.859235843512765252e+23 0.000000000000000000e+00
4.864259393122701463e+23 0.000000000000000000e+00
4.546340674215831625e+23 0.000000000000000000e+00
4.446615037209999059e+23 0.000000000000000000e+00
4.407791945550960232e+23 0.000000000000000000e+00
4.401799793852735816e+23 0.000000000000000000e+00
4.114426767302515176e+23 0.000000000000000000e+00
4.033035788413174976e+23 0.000000000000000000e+00
3.980850246463615140e+23 0.000000000000000000e+00
3.828152772939901609e+23 0.000000000000000000e+00
3.782332980791811894e+23 0.000000000000000000e+00
3.629226844765217431e+23 0.000000000000000000e+00
3.642973303943917742e+23 0.000000000000000000e+00
3.564079637255002857e+23 0.000000000000000000e+00
3.480424644175723621e+23 0.000000000000000000e+00
3.352655161625277031e+23 0.000000000000000000e+00
3.251627742980963901e+23 0.000000000000000000e+00
3.213997964195395745e+23 0.000000000000000000e+00
3.088281015562305735e+23 0.000000000000000000e+00
3.031599552292450373e+23 0.000000000000000000e+00
2.965586878557340545e+23 0.000000000000000000e+00
2.976233000582436388e+23 0.000000000000000000e+00
2.811851105514406124e+23 0.000000000000000000e+00
2.786808726441647732e+23 0.000000000000000000e+00
2.713405357849350861e+23 0.000000000000000000e+00
2.666510635954352339e+23 0.000000000000000000e+00
2.598099676617220429e+23 0.000000000000000000e+00
2.503510285171305700e+23 0.000000000000000000e+00
2.495471899499374313e+23 0.000000000000000000e+00
2.420670345254872222e+23 0.000000000000000000e+00
2.381716059140858829e+23 0.000000000000000000e+00
2.318820401293290834e+23 0.000000000000000000e+00
2.223932215922827576e+23 0.000000000000000000e+00
2.184808009041602402e+23 0.000000000000000000e+00
2.131891618645297259e+23 0.000000000000000000e+00
2.147764996892701795e+23 0.000000000000000000e+00
2.041891870823163814e+23 0.000000000000000000e+00
1.971219314098969269e+23 0.000000000000000000e+00
1.971067873950319866e+23 0.000000000000000000e+00
1.928575776772299875e+23 0.000000000000000000e+00
1.823457049147865039e+23 0.000000000000000000e+00
1.756697648820588076e+23 0.000000000000000000e+00
1.742259073611523424e+23 0.000000000000000000e+00
1.746480571374042234e+23 0.000000000000000000e+00
1.635412587232645360e+23 0.000000000000000000e+00
1.652754418255525503e+23 0.000000000000000000e+00
1.602293337745173135e+23 0.000000000000000000e+00
1.534084389651953064e+23 0.000000000000000000e+00
1.494946846477468943e+23 0.000000000000000000e+00
1.470866247353091333e+23 0.000000000000000000e+00
1.430410208462730596e+23 0.000000000000000000e+00
1.377939038639742863e+23 0.000000000000000000e+00
1.362247689977245603e+23 0.000000000000000000e+00
1.311905826656038263e+23 0.000000000000000000e+00
1.270989916081924499e+23 0.000000000000000000e+00
1.226408382069384193e+23 0.000000000000000000e+00
1.193448474368603251e+23 0.000000000000000000e+00
1.164985184856787156e+23 0.000000000000000000e+00
1.134049350953359691e+23 0.000000000000000000e+00
1.108735361497495817e+23 0.000000000000000000e+00
1.077862687894173594e+23 0.000000000000000000e+00
1.065971285850268621e+23 0.000000000000000000e+00
1.029095933579226157e+23 0.000000000000000000e+00
1.012411007631489185e+23 0.000000000000000000e+00
9.781192087463330107e+22 0.000000000000000000e+00
9.956880369908143515e+22 0.000000000000000000e+00
9.293122865154462686e+22 0.000000000000000000e+00
9.085759201325265768e+22 0.000000000000000000e+00
8.786291282705151479e+22 0.000000000000000000e+00
8.456323488125832030e+22 0.000000000000000000e+00
8.316363123339934722e+22 0.000000000000000000e+00
8.155423626071741615e+22 0.000000000000000000e+00
7.978100256716521210e+22 0.000000000000000000e+00
7.700021556660478883e+22 0.000000000000000000e+00
7.532665511188713439e+22 0.000000000000000000e+00
7.440641707914361936e+22 0.000000000000000000e+00
7.221183037675714013e+22 0.000000000000000000e+00
7.344071800990261366e+22 0.000000000000000000e+00
6.549650384898639685e+22 0.000000000000000000e+00
6.490161663152630215e+22 0.000000000000000000e+00
6.337050562190485592e+22 0.000000000000000000e+00
6.091362677247883346e+22 0.000000000000000000e+00
6.023224897204156314e+22 0.000000000000000000e+00
5.797487741215515135e+22 0.000000000000000000e+00
5.580354238701908682e+22 0.000000000000000000e+00
5.449076518449458446e+22 0.000000000000000000e+00
5.344569095235264368e+22 0.000000000000000000e+00
5.212814033982313831e+22 0.000000000000000000e+00
5.152737788531983778e+22 0.000000000000000000e+00
4.947629671680245865e+22 0.000000000000000000e+00
4.883431505763413210e+22 0.000000000000000000e+00
4.542452692781389106e+22 0.000000000000000000e+00
4.528843963564092398e+22 0.000000000000000000e+00
4.394185792647829284e+22 0.000000000000000000e+00
4.267102928498286028e+22 0.000000000000000000e+00
4.184873073407009227e+22 0.000000000000000000e+00
4.028102062801149755e+22 0.000000000000000000e+00
3.906479259110925245e+22 0.000000000000000000e+00
3.801182135660434581e+22 0.000000000000000000e+00
3.699434693647771736e+22 0.000000000000000000e+00
3.661800145554150890e+22 0.000000000000000000e+00
3.503084899624819255e+22 0.000000000000000000e+00
3.366284091263612774e+22 0.000000000000000000e+00
3.274694739846679547e+22 0.000000000000000000e+00
3.186939165136687569e+22 0.000000000000000000e+00
3.089393211135766403e+22 0.000000000000000000e+00
3.018721818111233124e+22 0.000000000000000000e+00
2.937297114432708123e+22 0.000000000000000000e+00
2.814276977608131346e+22 0.000000000000000000e+00
2.791970914217663188e+22 0.000000000000000000e+00
2.663315874739280203e+22 0.000000000000000000e+00
2.585837821824725103e+22 0.000000000000000000e+00
2.548679342509259542e+22 0.000000000000000000e+00
2.449588204757154005e+22 0.000000000000000000e+00
2.399120412232895798e+22 0.000000000000000000e+00
2.313812568439941969e+22 0.000000000000000000e+00
2.272926091657839483e+22 0.000000000000000000e+00
2.225810361246915808e+22 0.000000000000000000e+00
2.160868405298038466e+22 0.000000000000000000e+00
2.140350078821472613e+22 0.000000000000000000e+00
2.046225860961135441e+22 0.000000000000000000e+00
2.001159072117947158e+22 0.000000000000000000e+00
1.918168399205247851e+22 0.000000000000000000e+00
1.839667572726919332e+22 0.000000000000000000e+00
1.824351318396811346e+22 0.000000000000000000e+00
1.698905177960383670e+22 0.000000000000000000e+00
1.677827053465039903e+22 0.000000000000000000e+00
1.690636940539963480e+22 0.000000000000000000e+00
1.552658533907679517e+22 0.000000000000000000e+00
1.491612019693937544e+22 0.000000000000000000e+00
1.444833465521036853e+22 0.000000000000000000e+00
1.404404041254476500e+22 0.000000000000000000e+00
1.368242950297738648e+22 0.000000000000000000e+00
1.316556150598519908e+22 0.000000000000000000e+00
1.278394813135763538e+22 0.000000000000000000e+00
1.231285497578001111e+22 0.000000000000000000e+00
1.227272401061540581e+22 0.000000000000000000e+00
1.166933159076904409e+22 0.000000000000000000e+00
1.142242187189836317e+22 0.000000000000000000e+00
1.098109957470784428e+22 0.000000000000000000e+00
1.071591215660516822e+22 0.000000000000000000e+00
1.023924270465824063e+22 0.000000000000000000e+00
9.885612846657935770e+21 0.000000000000000000e+00
9.656576789606622560e+21 0.000000000000000000e+00
9.391144470297482101e+21 0.000000000000000000e+00
9.057167587574540141e+21 0.000000000000000000e+00
8.735182229031027212e+21 0.000000000000000000e+00
8.444674530725512348e+21 0.000000000000000000e+00
8.166136755242033742e+21 0.000000000000000000e+00
7.994118288794843087e+21 0.000000000000000000e+00
7.765481633227305124e+21 0.000000000000000000e+00
7.526609569053504700e+21 0.000000000000000000e+00
7.435646780617427780e+21 0.000000000000000000e+00
7.032514310875042021e+21 0.000000000000000000e+00
6.785085140472294277e+21 0.000000000000000000e+00
6.667194800345915064e+21 0.000000000000000000e+00
6.359272891838561780e+21 0.000000000000000000e+00
6.089967692122836435e+21 0.000000000000000000e+00
5.845860401994573808e+21 0.000000000000000000e+00
5.635408928720302375e+21 0.000000000000000000e+00
5.513000534315496374e+21 0.000000000000000000e+00
5.322447556867297116e+21 0.000000000000000000e+00
5.151328154592750862e+21 0.000000000000000000e+00
4.958896713824876888e+21 0.000000000000000000e+00
4.796329113181673751e+21 0.000000000000000000e+00
4.686701128848190210e+21 0.000000000000000000e+00
4.492930949467285750e+21 0.000000000000000000e+00
4.317252446544633790e+21 0.000000000000000000e+00
4.128402215459370828e+21 0.000000000000000000e+00
4.002692070770636489e+21 0.000000000000000000e+00
3.862263892587627151e+21 0.000000000000000000e+00
3.730471061144207884e+21 0.000000000000000000e+00
3.716749138018308719e+21 0.000000000000000000e+00
3.534582641700548641e+21 0.000000000000000000e+00
3.424374843628205375e+21 0.000000000000000000e+00
3.249687182660236476e+21 0.000000000000000000e+00
3.148675120096130630e+21 0.000000000000000000e+00
3.022223162736267756e+21 0.000000000000000000e+00
2.972392528637414343e+21 0.000000000000000000e+00
2.835474335924509213e+21 0.000000000000000000e+00
2.703273846478538277e+21 0.000000000000000000e+00
2.599154494811819999e+21 0.000000000000000000e+00
2.511953017047661150e+21 0.000000000000000000e+00
2.419753423718266700e+21 0.000000000000000000e+00
2.385097493654754296e+21 0.000000000000000000e+00
2.236673493391736832e+21 0.000000000000000000e+00
2.129796142284538380e+21 0.000000000000000000e+00
2.073089262619810857e+21 0.000000000000000000e+00
2.016744780504538022e+21 0.000000000000000000e+00
1.968765977243120304e+21 0.000000000000000000e+00
1.874270296101621334e+21 0.000000000000000000e+00
1.837265532599501849e+21 0.000000000000000000e+00
1.765729702996849721e+21 0.000000000000000000e+00
1.692340874746622116e+21 0.000000000000000000e+00
1.612192955595566612e+21 0.000000000000000000e+00
1.556110725244331753e+21 0.000000000000000000e+00
1.493468939786136846e+21 0.000000000000000000e+00
1.448089074760182923e+21 0.000000000000000000e+00
1.395281546403013198e+21 0.000000000000000000e+00
1.356963815350158230e+21 0.000000000000000000e+00
1.300174753337788334e+21 0.000000000000000000e+00
1.245323424884980711e+21 0.000000000000000000e+00
1.200339366798254670e+21 0.000000000000000000e+00
1.142558207669704196e+21 0.000000000000000000e+00
1.103732110849067975e+21 0.000000000000000000e+00
1.057894608296157905e+21 0.000000000000000000e+00
1.039536341926469304e+21 0.000000000000000000e+00
9.882206702387126600e+20 0.000000000000000000e+00
9.576028310354157896e+20 0.000000000000000000e+00
9.179680409217077084e+20 0.000000000000000000e+00
8.818924316214123561e+20 0.000000000000000000e+00
8.544564811651818455e+20 0.000000000000000000e+00
8.179888132361647555e+20 0.000000000000000000e+00
7.954521674551791452e+20 0.000000000000000000e+00
7.616719038395796685e+20 0.000000000000000000e+00
7.709119892844920177e+20 0.000000000000000000e+00
7.224645284917385626e+20 0.000000000000000000e+00
6.879754455433740288e+20 0.000000000000000000e+00
6.621599370197408154e+20 0.000000000000000000e+00
6.389858126022675005e+20 0.000000000000000000e+00
6.251633879596766331e+20 0.000000000000000000e+00
5.800451003111758234e+20 0.000000000000000000e+00
5.516888458100718305e+20 0.000000000000000000e+00
5.390026723533317734e+20 0.000000000000000000e+00
5.097377960665736151e+20 0.000000000000000000e+00
4.917134150033839882e+20 0.000000000000000000e+00
4.725379937968081469e+20 0.000000000000000000e+00
4.549069987764847903e+20 0.000000000000000000e+00
4.310481458496223314e+20 0.000000000000000000e+00
4.133035842895729787e+20 0.000000000000000000e+00
3.987955883211161600e+20 0.000000000000000000e+00
3.905534910732661555e+20 0.000000000000000000e+00
3.741491171755604050e+20 0.000000000000000000e+00
3.595773693755087913e+20 0.000000000000000000e+00
3.580944853626993377e+20 0.000000000000000000e+00
3.226620477147470234e+20 0.000000000000000000e+00
3.105698953372397076e+20 0.000000000000000000e+00
3.011342588695992074e+20 0.000000000000000000e+00
2.900425868008169800e+20 0.000000000000000000e+00
2.777549114776561582e+20 0.000000000000000000e+00
2.712886429025709588e+20 0.000000000000000000e+00
2.562608260602254787e+20 0.000000000000000000e+00
2.419647649569375846e+20 0.000000000000000000e+00
2.408795636988909322e+20 0.000000000000000000e+00
2.258510110398813635e+20 0.000000000000000000e+00
2.139299510050772419e+20 0.000000000000000000e+00
2.054620378822027510e+20 0.000000000000000000e+00
2.007772320762683392e+20 0.000000000000000000e+00
1.916720489608720548e+20 0.000000000000000000e+00
1.829098647821829079e+20 0.000000000000000000e+00
1.766178524532198932e+20 0.000000000000000000e+00
1.713467746278857441e+20 0.000000000000000000e+00
1.624675260425363784e+20 0.000000000000000000e+00
1.600670977442037105e+20 0.000000000000000000e+00
1.563817975159533404e+20 0.000000000000000000e+00
1.421402104084225229e+20 0.000000000000000000e+00
1.353356684797349560e+20 0.000000000000000000e+00
1.337523729130486497e+20 0.000000000000000000e+00
1.302872074317077545e+20 0.000000000000000000e+00
1.179619854767741501e+20 0.000000000000000000e+00
1.165649704053483110e+20 0.000000000000000000e+00
1.100341941931072061e+20 0.000000000000000000e+00
1.060355967598722580e+20 0.000000000000000000e+00
1.050001306926711439e+20 0.000000000000000000e+00
9.747905975163515699e+19 0.000000000000000000e+00
9.111517863378134630e+19 0.000000000000000000e+00
9.218848427896348672e+19 0.000000000000000000e+00
8.484383392902194790e+19 0.000000000000000000e+00
8.276757721555124224e+19 0.000000000000000000e+00
7.899514221145944883e+19 0.000000000000000000e+00
7.681148589183108710e+19 0.000000000000000000e+00
7.042091911726068531e+19 0.000000000000000000e+00
6.964676269844867482e+19 0.000000000000000000e+00
6.655120526522056704e+19 0.000000000000000000e+00
6.281238017688111514e+19 0.000000000000000000e+00
6.753098515681474150e+19 0.000000000000000000e+00
6.190235875261896294e+19 0.000000000000000000e+00
6.017183386800101786e+19 0.000000000000000000e+00
5.709727858379350016e+19 0.000000000000000000e+00
5.652356252606984192e+19 0.000000000000000000e+00
4.826059171237673370e+19 0.000000000000000000e+00
4.714854539048478310e+19 0.000000000000000000e+00
4.500946487972416717e+19 0.000000000000000000e+00
4.286473553219167846e+19 0.000000000000000000e+00
4.114149143711291802e+19 0.000000000000000000e+00
4.031211265301001011e+19 0.000000000000000000e+00
3.795230915911760282e+19 0.000000000000000000e+00
3.555107948870560154e+19 0.000000000000000000e+00
3.541438508124597453e+19 0.000000000000000000e+00
3.274666940471718298e+19 0.000000000000000000e+00
3.104050631269388698e+19 0.000000000000000000e+00
3.095733881300813414e+19 0.000000000000000000e+00
2.834763871434280550e+19 0.000000000000000000e+00
2.884678756966166938e+19 0.000000000000000000e+00
2.569827910087422771e+19 0.000000000000000000e+00
2.541688506516547994e+19 0.000000000000000000e+00
2.768501648313470566e+19 0.000000000000000000e+00
2.243217883734151168e+19 0.000000000000000000e+00
2.194576912814353613e+19 0.000000000000000000e+00
2.130465896233856205e+19 0.000000000000000000e+00
1.989237374215672627e+19 0.000000000000000000e+00
1.921044534073101107e+19 0.000000000000000000e+00
1.776427733951384986e+19 0.000000000000000000e+00
1.757594295474993357e+19 0.000000000000000000e+00
1.657266044569742746e+19 1.649087950168388864e+18
1.600717811450735206e+19 2.458519085247544320e+18
1.562861766824619213e+19 2.804531776365658112e+18
1.426241000719697510e+19 2.523746564666425856e+18
1.355822509054453350e+19 2.916653850003536896e+18
1.473935481075970048e+19 4.235152071030806528e+18
1.232453229383652352e+19 3.356556061102294528e+18
1.154849414693350810e+19 3.283824797261993984e+18
1.107369098357577114e+19 3.408528317360196608e+18
1.141791098618604749e+19 4.060469929004471808e+18
1.060683341037686989e+19 3.824560807172327424e+18
9.678185933322543104e+18 3.431957269066334720e+18
9.281422097514254336e+18 3.505999811446386688e+18
8.638756345279625216e+18 3.559684326993221632e+18
8.369802716319344640e+18 3.580172854933372416e+18
8.204152566095390720e+18 3.677899800777784320e+18
7.868172786378684416e+18 3.611086367454520320e+18
8.476901360671529984e+18 4.472622658142176768e+18
7.415927970612625408e+18 3.852796506417394176e+18
7.769104322171490304e+18 4.500974811169627136e+18
7.467966671702293504e+18 4.387123216987100160e+18
7.525418499702365184e+18 4.716923817213028352e+18
6.420214876423022592e+18 3.698598720821076992e+18
5.531644050269920256e+18 3.056349694884283904e+18
5.113886538194099200e+18 2.838532974042898432e+18
5.026867104846811136e+18 2.879418003294959616e+18
4.785279975957960704e+18 2.813175495281158656e+18
4.649743195616122880e+18 2.844810789196377600e+18
4.950102629711374336e+18 3.241356618266886656e+18
5.201916384273175552e+18 3.548630991620319744e+18
4.274731351121732096e+18 2.793745637230048256e+18
3.988228644328977920e+18 2.631347022674617856e+18
3.911948990176710656e+18 2.631645591282398720e+18
3.829182389942005248e+18 2.571537836214288384e+18
4.038238372942359552e+18 2.914734344272736768e+18
4.519437368368316928e+18 3.490555432489783808e+18
3.887016188498422784e+18 2.930100208132425216e+18
3.374048216049581568e+18 2.460482274882368512e+18
3.002942196283186176e+18 2.182945493351643648e+18
2.854902656840268288e+18 2.072663633481745408e+18
2.742037010585677824e+18 2.017749613220284672e+18
2.520571516636689920e+18 1.844287802140663040e+18
2.340430850244640768e+18 1.721819985540531968e+18
2.464010308483366400e+18 1.863447909891979008e+18
2.140013526272030720e+18 1.594607161078597120e+18
2.121278442445748224e+18 1.593637754768877056e+18
2.012633876433072896e+18 1.518846561798244864e+18
1.962387448422617600e+18 1.494008019922713344e+18
1.943406884968767232e+18 1.514111096308061952e+18
1.767956242838340096e+18 1.374006677916521984e+18
1.736640915477978112e+18 1.376866684745383680e+18
1.603984366424240896e+18 1.258298795504824832e+18
2.066344384161906688e+18 1.715673877621010432e+18
1.575132483077529856e+18 1.277959657256400128e+18
1.625858368699295744e+18 1.343257923294283008e+18
1.737583323944913408e+18 1.460631605622122240e+18
1.729686157645694208e+18 1.477143014770489600e+18
1.324951787716844032e+18 1.100876434022154240e+18
1.296617719927968000e+18 1.085128756065715584e+18
1.254314745965169152e+18 1.050027423669668864e+18
1.306946386596491008e+18 1.129460868782429440e+18
1.075807458662228736e+18 9.047613092495649280e+17
1.061632758686778624e+18 9.039304728842292480e+17
1.826623638364006400e+18 1.675264783137597696e+18
9.113270609436848640e+17 7.732495665017067520e+17
9.028813823040463360e+17 7.765475192635045120e+17
9.206314194351778560e+17 7.959563787272661760e+17
8.314101839010558720e+17 7.162221898526315520e+17
7.785204228730580480e+17 6.794109593506489600e+17
7.604699558388737280e+17 6.522175011900947200e+17
7.181832688251056640e+17 6.273814395622298880e+17
8.862331558016221440e+17 8.072586568183598080e+17
7.918986625444743680e+17 7.162938099337263360e+17
5.881070326148084480e+17 5.182440017191010560e+17
5.844873986933414400e+17 5.189471373360428160e+17
6.007101425407349760e+17 5.419362203466822400e+17
5.416474802046600320e+17 4.851315853563310080e+17
5.264287516559388800e+17 4.767678529036607360e+17
5.642520854282044800e+17 5.174187645696435840e+17
5.140222257070616320e+17 4.717940666831450240e+17
5.962687699650513920e+17 5.538845203694504320e+17
5.052814674055949440e+17 4.676234744373224960e+17
5.511599293051299840e+17 5.151333701409237120e+17
4.699445837698416640e+17 4.368498161314485760e+17
4.047839093314645120e+17 3.734546916368378240e+17
4.049837338048099200e+17 3.742065132326464640e+17
4.089290024226965760e+17 3.803238804103953280e+17
3.798637304987020160e+17 3.527481763615370880e+17
3.513047979337918720e+17 3.259513593417667200e+17
3.553948819442032000e+17 3.327674331911370240e+17
3.286578778396170240e+17 3.073656255478394880e+17
2.855440767662920960e+17 2.652748667210141120e+17
3.414520664851052160e+17 3.237258477533335680e+17
3.402914867946331520e+17 3.237679810469820160e+17
4.242226219111038080e+17 4.085982945892360960e+17
3.216445426494272640e+17 3.074681335534613760e+17
2.679633603757851520e+17 2.542207452463375040e+17
2.512205473996178880e+17 2.383367321119919680e+17
2.896951491509427200e+17 2.771513642815224960e+17
2.272586846443893440e+17 2.156611501690367040e+17
2.341802586506026240e+17 2.238099572754221440e+17
1.876802172950140800e+17 1.778033710726834880e+17
1.756969649079104640e+17 1.664477570683624960e+17
2.564270436075170880e+17 2.480326937436544960e+17
2.572401683328402240e+17 2.484860596154560000e+17
2.351014722077162560e+17 2.275771750993319680e+17
1.783612254917049920e+17 1.711016809922555520e+17
1.706104614866331200e+17 1.630302160976192000e+17
1.595009531922052160e+17 1.533855853470873280e+17
1.723204311105471360e+17 1.664740087001731840e+17
1.597873250028493120e+17 1.545453620888126080e+17
1.612878926004880000e+17 1.561612718873109120e+17
1.665204567058046080e+17 1.613887074831179520e+17
2.539042628772287040e+17 2.490448897915020160e+17
1.168900109146729920e+17 1.128026517674452000e+17
1.140497557354896000e+17 1.099788009832681760e+17
1.122764607857529600e+17 1.081021109819430080e+17
1.102114892553604800e+17 1.062228350345235680e+17
1.009071419094601120e+17 9.781360716159022400e+16
9.729637137429934400e+16 9.422621678523820800e+16
9.402932679781195200e+16 9.102961579133592000e+16
8.776702821682865600e+16 8.536007880643817600e+16
9.885854703056211200e+16 9.654017327308224000e+16
8.730123762064467200e+16 8.511912980476475200e+16
9.834869532550000000e+16 9.644060436801758400e+16
7.787533660265158400e+16 7.580654616720892800e+16
7.824155066619075200e+16 7.632005168116166400e+16
7.434022259543171200e+16 7.251576157351604800e+16
7.547047935156684800e+16 7.392022083346016000e+16
6.522223314992412000e+16 6.375492644285364800e+16
5.957587844059829600e+16 5.804406617114098400e+16
6.499988328705144000e+16 6.365408513544584800e+16
5.232891033657246400e+16 5.102985368572969600e+16
5.075346683890426400e+16 4.952329419764478400e+16
4.952533755039107200e+16 4.827305595592244800e+16
4.643135392254703200e+16 4.526648397821498400e+16
4.283974080326860800e+16 4.174715748631556000e+16
4.038092438944194400e+16 3.938941292755796000e+16
4.430052069138436800e+16 4.349855620346483200e+16
4.558707616026139200e+16 4.472055738309722400e+16
4.431760706468548800e+16 4.344190444905372000e+16
4.332354733067337600e+16 4.238113039889032800e+16
3.824097657375529600e+16 3.762596360561951200e+16
3.389367890652618000e+16 3.327506643921959600e+16
3.894893685032626400e+16 3.833363137210508800e+16
3.167386501826374800e+16 3.114890932671796000e+16
2.979403191636130800e+16 2.930649288559854800e+16
3.083215119266792800e+16 3.034683404454753600e+16
2.940410320374464000e+16 2.895649734822757200e+16
2.745825667930336400e+16 2.708480714810796800e+16
3.170654584084066400e+16 3.133188667567148400e+16
2.861340112721500400e+16 2.823881490806804000e+16
2.470842566018468000e+16 2.434300762260940800e+16
2.378837384600165600e+16 2.343627859027645200e+16
1.923472578587108800e+16 1.892459942907330400e+16
2.114599053965352400e+16 2.083633109445951600e+16
2.356125939196345200e+16 2.328244512937665600e+16
2.017182841750256800e+16 1.991423277628084400e+16
2.049972299430083200e+16 2.024456694595436400e+16
1.790141062059105200e+16 1.765913413423103200e+16
1.735852708472194000e+16 1.714253465221062200e+16
2.379902672373638000e+16 2.359314657256220000e+16
1.597417171377306600e+16 1.578538008331706600e+16
1.560866706458298200e+16 1.544312373657206600e+16
1.982431427365902400e+16 1.966968471420459600e+16
1.317427804303405600e+16 1.303031907854726000e+16
1.314241167159835600e+16 1.301614918342401800e+16
1.147984550616243600e+16 1.135393365300886800e+16
1.228347741964245000e+16 1.217342719198871800e+16
1.017156721651591200e+16 1.006106713988723400e+16
1.212221031919762400e+16 1.201121401815020400e+16
1.122762191490929400e+16 1.110710138447593400e+16
1.123359438738943400e+16 1.114396006399839200e+16
1.383508169861958800e+16 1.374566033523689600e+16
1.000749965642955800e+16 9.926018710198984000e+15
9.480539659508002000e+15 9.403995563617310000e+15
1.039828541723958600e+16 1.032184945443440600e+16
7.117697523230891000e+15 7.045510334212196000e+15
7.466436995555867000e+15 7.393940986123237000e+15
6.904709406762816000e+15 6.850977985388640000e+15
7.235235415321181000e+15 7.182176357662196000e+15
6.169951266711585000e+15 6.110141324916608000e+15
8.045969231098240000e+15 7.991867478537937000e+15
6.752017400647232000e+15 6.716459797266033000e+15
6.767045669792621000e+15 6.732809886458313000e+15
6.264586863111401000e+15 6.231342526586469000e+15
8.678416574028698000e+15 8.649320157714027000e+15
6.580645427616512000e+15 6.553763406537536000e+15
5.920335397573629000e+15 5.895225913631037000e+15
5.888679289033819000e+15 5.865056489591357000e+15
5.838552065010587000e+15 5.813554781310608000e+15
4.120805973416884000e+15 4.098749846947120000e+15
4.048770754605333500e+15 4.027393889373475500e+15
5.170104945096710000e+15 5.150393484313063000e+15
3.619329865939241000e+15 3.599593601713944000e+15
3.339262405751617500e+15 3.319163286823006500e+15
4.001433935876445000e+15 3.982283896678624500e+15
3.335146482035809000e+15 3.314709859284967000e+15
3.873930816063230000e+15 3.854341540459903500e+15
4.669590141366936000e+15 4.650843839187790000e+15
3.284290635897989000e+15 3.268715342832778000e+15
2.744132829432521000e+15 2.728240590477945500e+15
4.121681477258473500e+15 4.106886893474985000e+15
3.276582918330006500e+15 3.264428511615599000e+15
3.117094689571170000e+15 3.105557000309941000e+15
3.598912806323167000e+15 3.586679350210841000e+15
2.693167485587259000e+15 2.680373359469350500e+15
2.998864499799195000e+15 2.988287952014894000e+15
2.440910933500949500e+15 2.431549653694676500e+15
2.307320459405583500e+15 2.298681001889665500e+15
2.490864289361826500e+15 2.481411515853724000e+15
2.648078293535874000e+15 2.637979157532639500e+15
2.531159891902563500e+15 2.523645743773674000e+15
1.779505293986343000e+15 1.771555634163256000e+15
1.706794230887323500e+15 1.701288289109195750e+15
1.453908024673800750e+15 1.448537753056922000e+15
1.771283017535589500e+15 1.765895652418003000e+15
1.359986321262059500e+15 1.355945438272590000e+15
1.506754242304343750e+15 1.502603856062055500e+15
1.558228523485930250e+15 1.553952131422708500e+15
1.290599278819809500e+15 1.286296678858041500e+15
1.294193697559571500e+15 1.289859142924583750e+15
1.237691685679744250e+15 1.233335531624588500e+15
1.300374243629849750e+15 1.296601276168052250e+15
1.316743322672338000e+15 1.312327355048735500e+15
1.180150717626634500e+15 1.176795123512179500e+15
1.110661320839428750e+15 1.107227618737327875e+15
1.115323551760283750e+15 1.111191132300707875e+15
1.038162892683561000e+15 1.035536359131161750e+15
8.545548486790262500e+14 8.520261285924508750e+14
7.896573844447281250e+14 7.868554924762610000e+14
8.557155945775910000e+14 8.522377517497498750e+14
9.513172805085306250e+14 9.480803662597393750e+14
8.488417309744371250e+14 8.473761886004008750e+14
7.731333787866672500e+14 7.717551578724506250e+14
7.193005107754043750e+14 7.179789193171575000e+14
8.513121632034683750e+14 8.497177429928997500e+14
7.399553998991005000e+14 7.387548791639931250e+14
8.394120730653695000e+14 8.383028147475792500e+14
6.604266359203847500e+14 6.592173588003982500e+14
5.864042724765101250e+14 5.852358870887052500e+14
5.927005363397035000e+14 5.919251299907498750e+14
4.408457177064072500e+14 4.402041204349863750e+14
5.110214826466532500e+14 5.103487927848830625e+14
4.845402388466014375e+14 4.838622349922020000e+14
4.035141234777993125e+14 4.028825041385905000e+14
3.920871799114720625e+14 3.915347355888112500e+14
4.950515740561330000e+14 4.945054736860851250e+14
5.382072538713387500e+14 5.376456342671329375e+14
3.995549309203147500e+14 3.988787069117659375e+14
3.613380607162736250e+14 3.608460913149680625e+14
5.859232225774147500e+14 5.854745753415368750e+14
4.904694723485490000e+14 4.901219420205600000e+14
4.354381158193126875e+14 4.351176355778694375e+14
6.171915403726617500e+14 6.169083451054576250e+14
5.084855663987853125e+14 5.082158090162360625e+14
2.617091790256467812e+14 2.613978655196288750e+14
2.711459932429639062e+14 2.708842650666932188e+14
2.464491592401813125e+14 2.462107964703107188e+14
2.503147258385747812e+14 2.500941148363246250e+14
2.409346616631895000e+14 2.408046109906761875e+14
2.501738687879667500e+14 2.500233687197967812e+14
1.862523297621317500e+14 1.860745583621033125e+14
1.896050723295897500e+14 1.895006124888175000e+14
1.637400649211998438e+14 1.635949083740205938e+14
1.735549898678623750e+14 1.735386864506844375e+14
1.539362808557906250e+14 1.539231025103437500e+14
1.305472934419895625e+14 1.305333038486649844e+14
1.496678117642963750e+14 1.496449144610774375e+14
1.323874548162190156e+14 1.323874029870323281e+14
1.753101479198431562e+14 1.753101479198431562e+14
1.411039460225800938e+14 1.411039460225800938e+14
1.607316834278061875e+14 1.607316834278061875e+14
1.299188311044827656e+14 1.299188311044827656e+14
1.398175289870937656e+14 1.398175289870937656e+14
1.404702557378336875e+14 1.404702557378336875e+14
1.423252651365996250e+14 1.423252651365996250e+14
2.517964795436064062e+14 2.517964795436064062e+14
2.120339761936543750e+14 2.120339761936543750e+14
2.280695321920163438e+14 2.280695321920163438e+14
2.215769439148390312e+14 2.215769439148390312e+14
3.770029857900583750e+14 3.770029857900583750e+14
1.302533826872999844e+14 1.302533826872999844e+14
1.914107392926534688e+14 1.914107392926534688e+14
9.071131635355546875e+13 9.071131635355546875e+13
1.001284674940738281e+14 1.001284674940738281e+14
9.817378993749128125e+13 9.817378993749128125e+13
1.038622510501035312e+14 1.038622510501035312e+14
7.939086455564853125e+13 7.939086455564853125e+13
1.709037617482998750e+14 1.709037617482998750e+14
1.072689101436507188e+14 1.072689101436507188e+14
1.086395431516908906e+14 1.086395431516908906e+14
1.287748919700416406e+14 1.287748919700416406e+14
7.944596552321464062e+13 7.944596552321464062e+13
8.949253023603707812e+13 8.949253023603707812e+13
7.542160825895378125e+13 7.542160825895378125e+13
8.230941918329225000e+13 8.230941918329225000e+13
7.162051287207421875e+13 7.162051287207421875e+13
4.627485667156799219e+13 4.627485667156799219e+13
4.853299141923032031e+13 4.853299141923032031e+13
4.672309561883744531e+13 4.672309561883744531e+13
4.555765338371592969e+13 4.555765338371592969e+13
4.511337009406925000e+13 4.511337009406925000e+13
3.499416404795405469e+13 3.499416404795405469e+13
3.320052060335066406e+13 3.320052060335066406e+13
4.868603246479302344e+13 4.868603246479302344e+13
4.389494320010458594e+13 4.389494320010458594e+13
5.271038025435147656e+13 5.271038025435147656e+13
2.627457535361503906e+13 2.627457535361503906e+13
3.715353437352394531e+13 3.715353437352394531e+13
3.687746291466119531e+13 3.687746291466119531e+13
3.847862799525146875e+13 3.847862799525146875e+13
9.576648656740873438e+13 9.576648656740873438e+13
3.657292712051885938e+13 3.657292712051885938e+13
3.464338658801966406e+13 3.464338658801966406e+13
4.091139318712007812e+13 4.091139318712007812e+13
2.280425178981422656e+13 2.280425178981422656e+13
2.234336105349299219e+13 2.234336105349299219e+13
2.373016573781446875e+13 2.373016573781446875e+13
2.311008164347637500e+13 2.311008164347637500e+13
2.247507767591166406e+13 2.247507767591166406e+13
2.277721792737037109e+13 2.277721792737037109e+13
1.513717580799519727e+13 1.513717580799519727e+13
1.451763991707778906e+13 1.451763991707778906e+13
1.405523162276083203e+13 1.405523162276083203e+13
1.351053256753775195e+13 1.351053256753775195e+13
1.403735763751272656e+13 1.403735763751272656e+13
1.395302024012304492e+13 1.395302024012304492e+13
1.594529447150743555e+13 1.594529447150743555e+13
1.252624756216548438e+13 1.252624756216548438e+13
1.032611645263846680e+13 1.032611645263846680e+13
1.150469162207969531e+13 1.150469162207969531e+13
9.560810371688423828e+12 9.560810371688423828e+12
7.140589528878016602e+12 7.140589528878016602e+12
6.571441489426672852e+12 6.571441489426672852e+12
6.454967068178553711e+12 6.454967068178553711e+12
6.655230334638908203e+12 6.655230334638908203e+12
5.742752231897249023e+12 5.742752231897249023e+12
6.018819308312269531e+12 6.018819308312269531e+12
1.048128528512363672e+13 1.048128528512363672e+13
5.637403205584289062e+12 5.637403205584289062e+12
7.844198138665691406e+12 7.844198138665691406e+12
4.847790737461122070e+12 4.847790737461122070e+12
5.115652403036623047e+12 5.115652403036623047e+12
4.603421712256125977e+12 4.603421712256125977e+12
3.153384475990932617e+12 3.153384475990932617e+12
3.379293438339341309e+12 3.379293438339341309e+12
2.917099094579453125e+12 2.917099094579453125e+12
3.083427278661657227e+12 3.083427278661657227e+12
2.839403213028900391e+12 2.839403213028900391e+12
2.981113183686046387e+12 2.981113183686046387e+12
3.252221673841035156e+12 3.252221673841035156e+12
4.056903508956543945e+12 4.056903508956543945e+12
2.179851440024179443e+12 2.179851440024179443e+12
8.167186080085104688e+13 8.167186080085104688e+13
4.940864586637418750e+13 4.940864586637418750e+13
4.185726684878496094e+13 4.185726684878496094e+13
3.999265594298503906e+13 3.999265594298503906e+13
4.225606528417155469e+13 4.225606528417155469e+13
5.311168755201977344e+13 5.311168755201977344e+13
1.518673913938999688e+14 1.518673913938999688e+14
4.727926833007266846e+11 4.727926833007266846e+11
6.363176972795291041e-18 6.347173705192860554e-18
4.946853958856521494e-18 4.936050675660442318e-18
4.461300054536770377e-18 4.450966629429014837e-18
4.080806600439074488e-18 4.070548066598579374e-18
3.947111009982000528e-18 3.936995555604349847e-18
3.644609182799576040e-18 3.634339781125570358e-18
3.990770377579998093e-18 3.981370006049406299e-18
3.723522299283872224e-18 3.713945262248844144e-18
3.754973494769548947e-18 3.744946578744874818e-18
3.476253023576974350e-18 3.467702838635533715e-18
4.033001904798166522e-18 4.025429789520729466e-18
3.785021307996008658e-18 3.777108133365030766e-18
3.843110726821619297e-18 3.834791661130555388e-18
4.497003687552183131e-18 4.489997507122030826e-18
3.706549034699022436e-18 3.699756766004222146e-18
3.631277391070719194e-18 3.624790408150510631e-18
5.253887195633513597e-18 5.245921057110157333e-18
3.837688342500445348e-18 3.831311436086414301e-18
3.746046198678556178e-18 3.739574514590936016e-18
3.743506757169268375e-18 3.737383885845308084e-18
3.388077001857719825e-18 3.382567051125792100e-18
3.174884075513850036e-18 3.169928602657775582e-18
3.255099564346578587e-18 3.250554727235993779e-18
4.800097963580462716e-18 4.795548289909128358e-18
2.568518873227465058e-18 2.563935488114085881e-18
2.585829745831363406e-18 2.581313518549282879e-18
2.325817369570747415e-18 2.321105972806780609e-18
2.380780380883206981e-18 2.375661824080781481e-18
2.411409300124306121e-18 2.406541494933894845e-18
2.046035016693475029e-18 2.041493725103634811e-18
2.175692587557575564e-18 2.171564668118556410e-18
2.102177963348580395e-18 2.099501327642805720e-18
1.905928115431747717e-18 1.903169114737911731e-18
2.095692971832442462e-18 2.092239634740725843e-18
1.896860612160947547e-18 1.894217330289516786e-18
2.028200327920467376e-18 2.025775860219586678e-18
1.954306477663879537e-18 1.951774036725341508e-18
1.745138754015385609e-18 1.742485869366969930e-18
1.761725427900728970e-18 1.759441649729899938e-18
1.606929986082689698e-18 1.604746440556341216e-18
1.459890882346220048e-18 1.457779185877801060e-18
1.423042490016784314e-18 1.420581452547330411e-18
1.389740439510803374e-18 1.386883175263877904e-18
1.284350987405411481e-18 1.282971060084558176e-18
1.194425943452505505e-18 1.193065898490839600e-18
1.197815838539098797e-18 1.196467985749124682e-18
1.360471557796097263e-18 1.359130984979899853e-18
1.172040639148206477e-18 1.170696502990250864e-18
1.670557531159433889e-18 1.669244468437146885e-18
1.548329277605855009e-18 1.547050224395041089e-18
1.345303649517235950e-18 1.344008933425352871e-18
1.206735592022664253e-18 1.205192991428210920e-18
1.196029452520725541e-18 1.194824838463434339e-18
1.489452388299251921e-18 1.488259088036064082e-18
1.316713431771612562e-18 1.315559633634372482e-18
1.081425578708835203e-18 1.080261443816012904e-18
1.810453962758072952e-18 1.809240639113585543e-18
1.376087318047654178e-18 1.374943700097476037e-18
1.251520480937843032e-18 1.250332299715183723e-18
1.270241168905004454e-18 1.268668500641924591e-18
1.186958489705707964e-18 1.185924221151515286e-18
1.085312177645479503e-18 1.084254243368650220e-18
1.048917701619176342e-18 1.047811534385755538e-18
1.002496962937524695e-18 1.001243180469722766e-18
1.281763840564166619e-18 1.280840773234824157e-18
1.093578089251049564e-18 1.092623881033828317e-18
1.284441690207157277e-18 1.283111469520941350e-18
1.077807846819570767e-18 1.076906929680596745e-18
1.039820724326738629e-18 1.038981855743497014e-18
9.372424363120965166e-19 9.363485836013099364e-19
9.011143872523241870e-19 9.001060310757175175e-19
8.925671863218683111e-19 8.912451685309891540e-19
9.176508076540505448e-19 9.169526304750140307e-19
7.625332545239260755e-19 7.614981989917470016e-19
7.228457078909351997e-19 7.224573407572254132e-19
7.346462180729525626e-19 7.342601652828466567e-19
6.793367013205408994e-19 6.789519021740608006e-19
6.841641435634152861e-19 6.837796377702840999e-19
6.971465991770430930e-19 6.967611840008952678e-19
6.957087101184002181e-19 6.953207776849311911e-19
8.078690857901069555e-19 8.074766772202951466e-19
5.383306887714907641e-19 5.379296012970993900e-19
5.038662791588813262e-19 5.034598966041699955e-19
4.697637331810540669e-19 4.693442082840336996e-19
5.104464817812630964e-19 5.100041828735561815e-19
6.317053587572944045e-19 6.311969717761213222e-19
5.345293687626935227e-19 5.341845639221207711e-19
5.012320652554805724e-19 5.008332670937799704e-19
4.152891317734997845e-19 4.150361548976440856e-19
4.284634365819161849e-19 4.281887960918684152e-19
1.674516899029723793e-18 1.674316348986494207e-18
4.107421353373159751e-19 4.105389476111047267e-19
3.807312307470883185e-19 3.805253558696957839e-19
6.050490591785907952e-19 6.048372234643198519e-19
5.140560433754381317e-19 5.138391626560169259e-19
4.754337544772330104e-19 4.752025073858764471e-19
4.470869717517581379e-19 4.468213230534049738e-19
4.562647180584706513e-19 4.561054492415399189e-19
6.570229281573472750e-19 6.568570142642026730e-19
4.830435566882652340e-19 4.828615195025443629e-19
4.518416850380737771e-19 4.516790807672661093e-19
4.061918034332657085e-19 4.060103895731461424e-19
3.530154874300637616e-19 3.528114433651405920e-19
5.561685366075171352e-19 5.560323707552308108e-19
3.999223813659260757e-19 3.997855754278177538e-19
3.657169562106335114e-19 3.656162783419981248e-19
3.457008002001452419e-19 3.455994425382288822e-19
3.332088841323054574e-19 3.330940686571498295e-19
3.259687402315659668e-19 3.258215198149174562e-19
3.716118779569974272e-19 3.715776074355747630e-19
2.750636778514281060e-19 2.750296318812615171e-19
2.667789340163878599e-19 2.667451805958251141e-19
2.597430077186493491e-19 2.597095769824636041e-19
2.544874347598832125e-19 2.544548243685771134e-19
2.457483964251277922e-19 2.457159057416281195e-19
2.413355962313441855e-19 2.413029677280293141e-19
2.382259300725440034e-19 2.381944962948714175e-19
2.370994136020936715e-19 2.370678606249633384e-19
2.393799346265174092e-19 2.393476502638096591e-19
2.634848020397822848e-19 2.634528757470353640e-19
2.111179830147064455e-19 2.110845976819816444e-19
3.869970923935490656e-19 3.869564969871178010e-19
2.442680353313653327e-19 2.442398462214013269e-19
2.231032746641930261e-19 2.230731554138667110e-19
2.120804385719839262e-19 2.120582604651041956e-19
2.051523843693559984e-19 2.051302928998567240e-19
2.007704157648865662e-19 2.007482987824247035e-19
1.986288940232596924e-19 1.986062093584454319e-19
1.993648372646437970e-19 1.993443034683866555e-19
2.060854049164465081e-19 2.060649756846095389e-19
2.637510489233823391e-19 2.637306835539387209e-19
1.730612761763648661e-19 1.730409254665644557e-19
1.811613825067720902e-19 1.811409810952620033e-19
2.255506937224641649e-19 2.255302002588567554e-19
1.538925913953009079e-19 1.538718828304145887e-19
1.222768974760653143e-19 1.222558260961895837e-19
1.233481877001690456e-19 1.233265109743454598e-19
1.331287556870083454e-19 1.331063063830851647e-19
1.020182983965114534e-19 1.019942140302979599e-19
1.014463128736685348e-19 1.014184874046272276e-19
1.019036361849711136e-19 1.018371013655548977e-19
1.048809565808299008e-19 1.048665637577099943e-19
9.071423047239088024e-20 9.069878444785914130e-20
9.190533925251641455e-20 9.188001728767903359e-20
9.769531317138762337e-20 9.768392175983003374e-20
7.590157787966660960e-20 7.589040553458796517e-20
7.441122070174537646e-20 7.439997143388057026e-20
7.362416212048117338e-20 7.361279279198537681e-20
7.307671567100798380e-20 7.306518275076631252e-20
7.234961369136964033e-20 7.233784502262617876e-20
7.217923406198078870e-20 7.216713720839288560e-20
7.238235323210613995e-20 7.236978492818872589e-20
7.323392292747006390e-20 7.322076300680085277e-20
7.337719678104368659e-20 7.336306446303355672e-20
7.656982441767915476e-20 7.655407358896858962e-20
9.313937812395088453e-20 9.312031536803852704e-20
6.695745081031689981e-20 6.692479239624979171e-20
7.511188940366867143e-20 7.510769642461418735e-20
6.206266255133669755e-20 6.205836866191781448e-20
6.334887680558401500e-20 6.334443145984115561e-20
6.686320098787260062e-20 6.685846194782782917e-20
7.265825019261846206e-20 7.265385502629451614e-20
1.161437265994140798e-19 1.161391173905691712e-19
5.822181090149039817e-20 5.821690520047462214e-20
7.444059921106340533e-20 7.443526310523515906e-20
5.513402910937496574e-20 5.512801682967383526e-20
5.000965557403044881e-20 5.000241131750733077e-20
4.006158184196741095e-20 4.005110563179829166e-20
5.323078016598457492e-20 5.323056350024576618e-20
1.875879564898677562e-20 1.875855137367735569e-20
1.866928497537853759e-20 1.866899069576700036e-20
1.861897466078859951e-20 1.861855233069619388e-20
1.861480659611394570e-20 1.861480659611394570e-20
1.867543632813409230e-20 1.867543632813409230e-20
1.873157423398588446e-20 1.873157423398588446e-20
1.892485563756689944e-20 1.892485563756689944e-20
1.923573641086834405e-20 1.923573641086834405e-20
1.973265587268616412e-20 1.973265587268616412e-20
2.065888285198767194e-20 2.065888285198767194e-20
2.032285665840367079e-20 2.032285665840367079e-20
2.170682783711816593e-20 2.170682783711816593e-20
2.451349736443274264e-20 2.451349736443274264e-20
3.630870299035876889e-20 3.630870299035876889e-20
1.395830642474531672e-20 1.395830642474531672e-20
1.469590699683642258e-20 1.469590699683642258e-20
1.590354324549556938e-20 1.590354324549556938e-20
1.834442344609999796e-20 1.834442344609999796e-20
3.031230433157627799e-20 3.031230433157627799e-20
9.705073945473531358e-21 9.705073945473531358e-21
1.036281875481610442e-20 1.036281875481610442e-20
1.138108783565602191e-20 1.138108783565602191e-20
1.320034102543016844e-20 1.320034102543016844e-20
1.848079742372450767e-20 1.848079742372450767e-20
8.917166020019714413e-21 8.917166020019714413e-21
1.220763192549872223e-20 1.220763192549872223e-20
0.000000000000000000e+00 0.000000000000000000e+00
0.000000000000000000e+00 0.000000000000000000e+00
0.000000000000000000e+00 0.000000000000000000e+00
0.000000000000000000e+00 0.000000000000000000e+00
0.000000000000000000e+00 0.000000000000000000e+00
0.000000000000000000e+00 0.000000000000000000e+00
0.000000000000000000e+00 0.000000000000000000e+00
0.000000000000000000e+00 0.000000000000000000e+00
0.000000000000000000e+00 0.000000000000000000e+00
0.000000000000000000e+00 0.000000000000000000e+00
0.000000000000000000e+00 0.000000000000000000e+00
0.000000000000000000e+00 0.000000000000000000e+00
0.000000000000000000e+00 0.000000000000000000e+00
0.000000000000000000e+00 0.000000000000000000e+00
0.000000000000000000e+00 0.000000000000000000e+00
0.000000000000000000e+00 0.000000000000000000e+00
0.000000000000000000e+00 0.000000000000000000e+00
0.000000000000000000e+00 0.000000000000000000e+00
0.000000000000000000e+00 0.000000000000000000e+00
0.000000000000000000e+00 0.000000000000000000e+00
0.000000000000000000e+00 0.000000000000000000e+00
0.000000000000000000e+00 0.000000000000000000e+00
0.000000000000000000e+00 0.000000000000000000e+00
0.000000000000000000e+00 0.000000000000000000e+00
0.000000000000000000e+00 0.000000000000000000e+00
0.000000000000000000e+00 0.000000000000000000e+00
0.000000000000000000e+00 0.000000000000000000e+00
0.000000000000000000e+00 0.000000000000000000e+00
0.000000000000000000e+00 0.000000000000000000e+00
0.000000000000000000e+00 0.000000000000000000e+00
0.000000000000000000e+00 0.000000000000000000e+00
0.000000000000000000e+00 0.000000000000000000e+00
0.000000000000000000e+00 0.000000000000000000e+00
0.000000000000000000e+00 0.000000000000000000e+00
0.000000000000000000e+00 0.000000000000000000e+00
0.000000000000000000e+00 0.000000000000000000e+00
0.000000000000000000e+00 0.000000000000000000e+00
0.000000000000000000e+00 0.000000000000000000e+00
0.000000000000000000e+00 0.000000000000000000e+00
0.000000000000000000e+00 0.000000000000000000e+00
0.000000000000000000e+00 0.000000000000000000e+00
0.000000000000000000e+00 0.000000000000000000e+00
0.000000000000000000e+00 0.000000000000000000e+00
0.000000000000000000e+00 0.000000000000000000e+00
0.000000000000000000e+00 0.000000000000000000e+00
0.000000000000000000e+00 0.000000000000000000e+00
0.000000000000000000e+00 0.000000000000000000e+00
0.000000000000000000e+00 0.000000000000000000e+00
0.000000000000000000e+00 0.000000000000000000e+00
0.000000000000000000e+00 0.000000000000000000e+00
0.000000000000000000e+00 0.000000000000000000e+00
0.000000000000000000e+00 0.000000000000000000e+00
0.000000000000000000e+00 0.000000000000000000e+00
0.000000000000000000e+00 0.000000000000000000e+00
0.000000000000000000e+00 0.000000000000000000e+00
0.000000000000000000e+00 0.000000000000000000e+00
0.000000000000000000e+00 0.000000000000000000e+00
0.000000000000000000e+00 0.000000000000000000e+00
0.000000000000000000e+00 0.000000000000000000e+00
0.000000000000000000e+00 0.000000000000000000e+00
0.000000000000000000e+00 0.000000000000000000e+00
0.000000000000000000e+00 0.000000000000000000e+00
0.000000000000000000e+00 0.000000000000000000e+00
0.000000000000000000e+00 0.000000000000000000e+00
0.000000000000000000e+00 0.000000000000000000e+00
0.000000000000000000e+00 0.000000000000000000e+00
0.000000000000000000e+00 0.000000000000000000e+00
0.000000000000000000e+00 0.000000000000000000e+00
0.000000000000000000e+00 0.000000000000000000e+00
0.000000000000000000e+00 0.000000000000000000e+00
0.000000000000000000e+00 0.000000000000000000e+00
0.000000000000000000e+00 0.000000000000000000e+00
0.000000000000000000e+00 0.000000000000000000e+00
0.000000000000000000e+00 0.000000000000000000e+00
0.000000000000000000e+00 0.000000000000000000e+00
0.000000000000000000e+00 0.000000000000000000e+00
0.000000000000000000e+00 0.000000000000000000e+00
0.000000000000000000e+00 0.000000000000000000e+00
0.000000000000000000e+00 0.000000000000000000e+00
0.000000000000000000e+00 0.000000000000000000e+00
0.000000000000000000e+00 0.000000000000000000e+00
0.000000000000000000e+00 0.000000000000000000e+00
0.000000000000000000e+00 0.000000000000000000e+00
0.000000000000000000e+00 0.000000000000000000e+00
0.000000000000000000e+00 0.000000000000000000e+00
0.000000000000000000e+00 0.000000000000000000e+00
0.000000000000000000e+00 0.000000000000000000e+00
0.000000000000000000e+00 0.000000000000000000e+00
0.000000000000000000e+00 0.000000000000000000e+00
0.000000000000000000e+00 0.000000000000000000e+00
0.000000000000000000e+00 0.000000000000000000e+00
0.000000000000000000e+00 0.000000000000000000e+00
0.000000000000000000e+00 0.000000000000000000e+00
0.000000000000000000e+00 0.000000000000000000e+00
0.000000000000000000e+00 0.000000000000000000e+00
0.000000000000000000e+00 0.000000000000000000e+00
0.000000000000000000e+00 0.000000000000000000e+00
0.000000000000000000e+00 0.000000000000000000e+00
0.000000000000000000e+00 0.000000000000000000e+00
0.000000000000000000e+00 0.000000000000000000e+00
0.000000000000000000e+00 0.000000000000000000e+00
0.000000000000000000e+00 0.000000000000000000e+00
0.000000000000000000e+00 0.000000000000000000e+00
0.000000000000000000e+00 0.000000000000000000e+00
0.000000000000000000e+00 0.000000000000000000e+00
0.000000000000000000e+00 0.000000000000000000e+00
0.000000000000000000e+00 0.000000000000000000e+00
0.000000000000000000e+00 0.000000000000000000e+00
0.000000000000000000e+00 0.000000000000000000e+00
0.000000000000000000e+00 0.000000000000000000e+00
0.000000000000000000e+00 0.000000000000000000e+00
0.000000000000000000e+00 0.000000000000000000e+00
0.000000000000000000e+00 0.000000000000000000e+00
0.000000000000000000e+00 0.000000000000000000e+00
0.000000000000000000e+00 0.000000000000000000e+00
0.000000000000000000e+00 0.000000000000000000e+00
0.000000000000000000e+00 0.000000000000000000e+00
0.000000000000000000e+00 0.000000000000000000e+00
0.000000000000000000e+00 0.000000000000000000e+00
0.000000000000000000e+00 0.000000000000000000e+00
0.000000000000000000e+00 0.000000000000000000e+00
0.000000000000000000e+00 0.000000000000000000e+00
0.000000000000000000e+00 0.000000000000000000e+00
0.000000000000000000e+00 0.000000000000000000e+00
0.000000000000000000e+00 0.000000000000000000e+00
0.000000000000000000e+00 0.000000000000000000e+00
0.000000000000000000e+00 0.000000000000000000e+00
0.000000000000000000e+00 0.000000000000000000e+00
0.000000000000000000e+00 0.000000000000000000e+00
0.000000000000000000e+00 0.000000000000000000e+00
0.000000000000000000e+00 0.000000000000000000e+00
0.000000000000000000e+00 0.000000000000000000e+00
0.000000000000000000e+00 0.000000000000000000e+00
0.000000000000000000e+00 0.000000000000000000e+00
0.000000000000000000e+00 0.000000000000000000e+00
0.000000000000000000e+00 0.000000000000000000e+00
0.000000000000000000e+00 0.000000000000000000e+00
0.000000000000000000e+00 0.000000000000000000e+00
0.000000000000000000e+00 0.000000000000000000e+00
0.000000000000000000e+00 0.000000000000000000e+00
0.000000000000000000e+00 0.000000000000000000e+00
0.000000000000000000e+00 0.000000000000000000e+00
0.000000000000000000e+00 0.000000000000000000e+00
0.000000000000000000e+00 0.000000000000000000e+00
0.000000000000000000e+00 0.000000000000000000e+00
0.000000000000000000e+00 0.000000000000000000e+00
0.000000000000000000e+00 0.000000000000000000e+00
0.000000000000000000e+00 0.000000000000000000e+00
0.000000000000000000e+00 0.000000000000000000e+00
0.000000000000000000e+00 0.000000000000000000e+00
0.000000000000000000e+00 0.000000000000000000e+00
0.000000000000000000e+00 0.000000000000000000e+00
0.000000000000000000e+00 0.000000000000000000e+00
0.000000000000000000e+00 0.000000000000000000e+00
0.000000000000000000e+00 0.000000000000000000e+00
0.000000000000000000e+00 0.000000000000000000e+00
0.000000000000000000e+00 0.000000000000000000e+00
0.000000000000000000e+00 0.000000000000000000e+00
0.000000000000000000e+00 0.000000000000000000e+00
0.000000000000000000e+00 0.000000000000000000e+00
0.000000000000000000e+00 0.000000000000000000e+00
0.000000000000000000e+00 0.000000000000000000e+00
0.000000000000000000e+00 0.000000000000000000e+00
0.000000000000000000e+00 0.000000000000000000e+00
0.000000000000000000e+00 0.000000000000000000e+00
0.000000000000000000e+00 0.000000000000000000e+00
0.000000000000000000e+00 0.000000000000000000e+00
0.000000000000000000e+00 0.000000000000000000e+00
0.000000000000000000e+00 0.000000000000000000e+00
0.000000000000000000e+00 0.000000000000000000e+00
0.000000000000000000e+00 0.000000000000000000e+00
0.000000000000000000e+00 0.000000000000000000e+00
0.000000000000000000e+00 0.000000000000000000e+00
0.000000000000000000e+00 0.000000000000000000e+00
0.000000000000000000e+00 0.000000000000000000e+00
0.000000000000000000e+00 0.000000000000000000e+00
0.000000000000000000e+00 0.000000000000000000e+00
0.000000000000000000e+00 0.000000000000000000e+00
0.000000000000000000e+00 0.000000000000000000e+00
0.000000000000000000e+00 0.000000000000000000e+00
0.000000000000000000e+00 0.000000000000000000e+00
0.000000000000000000e+00 0.000000000000000000e+00
0.000000000000000000e+00 0.000000000000000000e+00
0.000000000000000000e+00 0.000000000000000000e+00
0.000000000000000000e+00 0.000000000000000000e+00
0.000000000000000000e+00 0.000000000000000000e+00
0.000000000000000000e+00 0.000000000000000000e+00
0.000000000000000000e+00 0.000000000000000000e+00
0.000000000000000000e+00 0.000000000000000000e+00
0.000000000000000000e+00 0.000000000000000000e+00
0.000000000000000000e+00 0.000000000000000000e+00
0.000000000000000000e+00 0.000000000000000000e+00
0.000000000000000000e+00 0.000000000000000000e+00
0.000000000000000000e+00 0.000000000000000000e+00
0.000000000000000000e+00 0.000000000000000000e+00
0.000000000000000000e+00 0.000000000000000000e+00
0.000000000000000000e+00 0.000000000000000000e+00
0.000000000000000000e+00 0.000000000000000000e+00
0.000000000000000000e+00 0.000000000000000000e+00
0.000000000000000000e+00 0.000000000000000000e+00
0.000000000000000000e+00 0.000000000000000000e+00
0.000000000000000000e+00 0.000000000000000000e+00
0.000000000000000000e+00 0.000000000000000000e+00
0.000000000000000000e+00 0.000000000000000000e+00
0.000000000000000000e+00 0.000000000000000000e+00
0.000000000000000000e+00 0.000000000000000000e+00
0.000000000000000000e+00 0.000000000000000000e+00
0.000000000000000000e+00 0.000000000000000000e+00
0.000000000000000000e+00 0.000000000000000000e+00
0.000000000000000000e+00 0.000000000000000000e+00
0.000000000000000000e+00 0.000000000000000000e+00
0.000000000000000000e+00 0.000000000000000000e+00
0.000000000000000000e+00 0.000000000000000000e+00
0.000000000000000000e+00 0.000000000000000000e+00
0.000000000000000000e+00 0.000000000000000000e+00
0.000000000000000000e+00 0.000000000000000000e+00
0.000000000000000000e+00 0.000000000000000000e+00
0.000000000000000000e+00 0.000000000000000000e+00
0.000000000000000000e+00 0.000000000000000000e+00
0.000000000000000000e+00 0.000000000000000000e+00
0.000000000000000000e+00 0.000000000000000000e+00
0.000000000000000000e+00 0.000000000000000000e+00
0.000000000000000000e+00 0.000000000000000000e+00
0.000000000000000000e+00 0.000000000000000000e+00
0.000000000000000000e+00 0.000000000000000000e+00
0.000000000000000000e+00 0.000000000000000000e+00
0.000000000000000000e+00 0.000000000000000000e+00
0.000000000000000000e+00 0.000000000000000000e+00
0.000000000000000000e+00 0.000000000000000000e+00
0.000000000000000000e+00 0.000000000000000000e+00
0.000000000000000000e+00 0.000000000000000000e+00
0.000000000000000000e+00 0.000000000000000000e+00
0.000000000000000000e+00 0.000000000000000000e+00
0.000000000000000000e+00 0.000000000000000000e+00
0.000000000000000000e+00 0.000000000000000000e+00
0.000000000000000000e+00 0.000000000000000000e+00
0.000000000000000000e+00 0.000000000000000000e+00
0.000000000000000000e+00 0.000000000000000000e+00
0.000000000000000000e+00 0.000000000000000000e+00
0.000000000000000000e+00 0.000000000000000000e+00
0.000000000000000000e+00 0.000000000000000000e+00
0.000000000000000000e+00 0.000000000000000000e+00
0.000000000000000000e+00 0.000000000000000000e+00
0.000000000000000000e+00 0.000000000000000000e+00
0.000000000000000000e+00 0.000000000000000000e+00
0.000000000000000000e+00 0.000000000000000000e+00
0.000000000000000000e+00 0.000000000000000000e+00
0.000000000000000000e+00 0.000000000000000000e+00
0.000000000000000000e+00 0.000000000000000000e+00
0.000000000000000000e+00 0.000000000000000000e+00
0.000000000000000000e+00 0.000000000000000000e+00
0.000000000000000000e+00 0.000000000000000000e+00
0.000000000000000000e+00 0.000000000000000000e+00
0.000000000000000000e+00 0.000000000000000000e+00
0.000000000000000000e+00 0.000000000000000000e+00
0.000000000000000000e+00 0.000000000000000000e+00
0.000000000000000000e+00 0.000000000000000000e+00
0.000000000000000000e+00 0.000000000000000000e+00
0.000000000000000000e+00 0.000000000000000000e+00
0.000000000000000000e+00 0.000000000000000000e+00
0.000000000000000000e+00 0.000000000000000000e+00
0.000000000000000000e+00 0.000000000000000000e+00
0.000000000000000000e+00 0.000000000000000000e+00
0.000000000000000000e+00 0.000000000000000000e+00
0.000000000000000000e+00 0.000000000000000000e+00
0.000000000000000000e+00 0.000000000000000000e+00
0.000000000000000000e+00 0.000000000000000000e+00
0.000000000000000000e+00 0.000000000000000000e+00
0.000000000000000000e+00 0.000000000000000000e+00
0.000000000000000000e+00 0.000000000000000000e+00
0.000000000000000000e+00 0.000000000000000000e+00
0.000000000000000000e+00 0.000000000000000000e+00
0.000000000000000000e+00 0.000000000000000000e+00
0.000000000000000000e+00 0.000000000000000000e+00
0.000000000000000000e+00 0.000000000000000000e+00
0.000000000000000000e+00 0.000000000000000000e+00
0.000000000000000000e+00 0.000000000000000000e+00
0.000000000000000000e+00 0.000000000000000000e+00
0.000000000000000000e+00 0.000000000000000000e+00
0.000000000000000000e+00 0.000000000000000000e+00
0.000000000000000000e+00 0.000000000000000000e+00
0.000000000000000000e+00 0.000000000000000000e+00
0.000000000000000000e+00 0.000000000000000000e+00
0.000000000000000000e+00 0.000000000000000000e+00
0.000000000000000000e+00 0.000000000000000000e+00
0.000000000000000000e+00 0.000000000000000000e+00
0.000000000000000000e+00 0.000000000000000000e+00
0.000000000000000000e+00 0.000000000000000000e+00
0.000000000000000000e+00 0.000000000000000000e+00
0.000000000000000000e+00 0.000000000000000000e+00
0.000000000000000000e+00 0.000000000000000000e+00
0.000000000000000000e+00 0.000000000000000000e+00
0.000000000000000000e+00 0.000000000000000000e+00
0.000000000000000000e+00 0.000000000000000000e+00
0.000000000000000000e+00 0.000000000000000000e+00
0.000000000000000000e+00 0.000000000000000000e+00
0.000000000000000000e+00 0.000000000000000000e+00
0.000000000000000000e+00 0.000000000000000000e+00
0.000000000000000000e+00 0.000000000000000000e+00
0.000000000000000000e+00 0.000000000000000000e+00
0.000000000000000000e+00 0.000000000000000000e+00
0.000000000000000000e+00 0.000000000000000000e+00
0.000000000000000000e+00 0.000000000000000000e+00
0.000000000000000000e+00 0.000000000000000000e+00
0.000000000000000000e+00 0.000000000000000000e+00
0.000000000000000000e+00 0.000000000000000000e+00
0.000000000000000000e+00 0.000000000000000000e+00
0.000000000000000000e+00 0.000000000000000000e+00
0.000000000000000000e+00 0.000000000000000000e+00
0.000000000000000000e+00 0.000000000000000000e+00
0.000000000000000000e+00 0.000000000000000000e+00
0.000000000000000000e+00 0.000000000000000000e+00
0.000000000000000000e+00 0.000000000000000000e+00
0.000000000000000000e+00 0.000000000000000000e+00
0.000000000000000000e+00 0.000000000000000000e+00
0.000000000000000000e+00 0.000000000000000000e+00
0.000000000000000000e+00 0.000000000000000000e+00
