4.097200701806844928e+18
5.659806842772283392e+18
4.335139600764269568e+18
3.845529858942068224e+18
4.990551767030569984e+18
3.660572161643449856e+18
3.473070732055569920e+18
3.255049283850889728e+18
3.763629425535401472e+18
3.289060285954723328e+18
3.167323272389265920e+18
3.125464563078393344e+18
3.031953016268883456e+18
2.788196053481204224e+18
2.638586835624728064e+18
2.915962462752778240e+18
2.921109631663897088e+18
2.870833965434366976e+18
2.810762071576822272e+18
3.579073112299061248e+18
3.204105241071860736e+18
3.125785041972025856e+18
3.312752893756062208e+18
2.995810358250237952e+18
3.204409110181926400e+18
6.130633602425973760e+18
4.263525914071635456e+18
3.703301650815586816e+18
3.412252763543565312e+18
3.195197813334002176e+18
3.109237019759360512e+18
3.082267480330770432e+18
2.973871936668096000e+18
2.808938317032926720e+18
2.926073749298456166e+19
9.232212167487197184e+18
7.521510335527302144e+18
6.318936074944871424e+18
6.160313491877672960e+18
5.858696274579737600e+18
5.676780748323403776e+18
5.111342593683643392e+18
4.792735571334345728e+18
4.723419612462642176e+18
4.760912719582320640e+18
5.012949289024120832e+18
4.800283118557470720e+18
6.726331806277998592e+18
5.682510156276367360e+18
6.829144860270346240e+18
5.295076725014962176e+18
5.387848466974490624e+18
5.035469765759017984e+18
4.611025755170286080e+18
4.778557559643625472e+18
4.517491054982021632e+18
5.168788869949193216e+18
4.787050576497367040e+18
4.539358629895237632e+18
4.182619733262260224e+18
4.791196869974912000e+18
4.426737528797335040e+18
4.232939013119579648e+18
3.858317748230165504e+18
3.957490937439776256e+18
3.933894969395821056e+18
3.703032537510025216e+18
3.733819163601238528e+18
3.666417769190176768e+18
3.509855617902529536e+18
3.591058808747239936e+18
4.179376292836899840e+18
4.400514399828142592e+18
4.006328642402885120e+18
3.855279164538521600e+18
3.629810547212068352e+18
3.577401376593141248e+18
3.500475668203575296e+18
7.353421276551134208e+18
5.925326527924162560e+18
5.342420491508258816e+18
4.828282974825887744e+18
4.511685147293031936e+18
4.265012066637090816e+18
4.978895977393038336e+18
4.189122593014329344e+18
4.040068343697888768e+18
3.923626864660099072e+18
3.989011454311256576e+18
3.785982327288733184e+18
3.709126595157045248e+18
3.795780919159524864e+18
3.622708179100361216e+18
3.718664396203381248e+18
3.517178122430792192e+18
3.426595323305693184e+18
3.422465876750137344e+18
4.179757053518438912e+18
3.786998534350565888e+18
6.499607865807459328e+18
4.665048718103263232e+18
4.160483874351143424e+18
4.162729875124368896e+18
1.573481481396136141e+19
1.134362022285181952e+19
9.698040368657643520e+18
8.691603640857029632e+18
7.726912812536530944e+18
7.982908941599208448e+18
7.140754232425950208e+18
6.782696251612665856e+18
6.296210758656713728e+18
5.941607381526516736e+18
5.780596939919399936e+18
6.127757409554071552e+18
6.929998235095052288e+18
5.941128817705582592e+18
5.507098033515354112e+18
5.178146341256133632e+18
5.157603225193330688e+18
5.109878538626350080e+18
5.112459098822285312e+18
1.280239201621719040e+19
6.837613007911726080e+18
6.822649792106617856e+18
5.935545474642700288e+18
5.781091586814048256e+18
5.428273930465425408e+18
5.341847173015040000e+18
5.233553232978693120e+18
5.404549341524358144e+18
4.944265318723697664e+18
4.580850147876005888e+18
4.432727074683687424e+18
4.641890575394869248e+19
2.272973216665380045e+19
1.816886879397083955e+19
1.556007332350839398e+19
1.382528039678714470e+19
1.293376726953592627e+19
1.208644837255999898e+19
1.131663143543887053e+19
1.811798350986613760e+19
1.564359805095907328e+19
1.387641828213321728e+19
1.297628151311439053e+19
1.267418617407142502e+19
1.208402451325380403e+19
1.157683422763239424e+19
1.164404597259731149e+19
1.139809707854268416e+19
1.157389539738295910e+19
1.265403169739385037e+19
1.341791547738112410e+19
1.592635811597954458e+19
4.475529674958411366e+19
5.351926195268569088e+18
5.344954734305458176e+18
4.761899354907309056e+18
4.808685762799736832e+18
4.486878527230493184e+18
4.504663215983228928e+18
4.317309958486877184e+18
4.274791456622262272e+18
4.200033647806139392e+18
4.042765889460669440e+18
4.625847206902677504e+18
4.064925835070212096e+18
3.897904768343974912e+18
3.910884047515237888e+18
3.698036597685473280e+18
3.951261775722963968e+18
3.791257843254371328e+18
5.160183259386050560e+18
4.247023836238717952e+18
4.290142515634933760e+18
4.171698757082026496e+18
4.048104296053761536e+18
4.185352902594628096e+18
4.070589063584836608e+18
5.980895264085025792e+18
3.732976793750847488e+18
3.611858271104788992e+18
3.661120554643172864e+18
3.818401777920780800e+18
3.830614120557496320e+18
5.223572033304881152e+18
2.905285465636858880e+18
2.887405120769495040e+18
2.796367716261975040e+18
3.393538570427229184e+18
3.222472759927598080e+18
3.144207703324360192e+18
3.059519461588129280e+18
3.312423311523755008e+18
3.135262825061021184e+18
2.961493048015995392e+18
2.867708979696430592e+18
2.720983570734248960e+18
9.522652796528590848e+18
3.606867203093808128e+18
3.465917020238155264e+18
3.581318713928529920e+18
3.456535642372298240e+18
3.267914822394679296e+18
3.024507337805487104e+18
3.145837875746446848e+18
3.675020645696561152e+18
3.215600366129594368e+18
3.191797118653635584e+18
3.154588797008657408e+18
2.956151322546780672e+18
2.840924234850570752e+18
5.043913346830110720e+18
4.374211579135976960e+18
3.738459248723783680e+18
3.524448701823436288e+18
3.289694590586019840e+18
3.215283827768803328e+18
3.174039235940093952e+18
3.217880887855778304e+18
3.162957724039334400e+18
3.263583052555225600e+18
3.463057112538779648e+18
3.471389921930327040e+18
2.807020051143797760e+18
2.723657682126932480e+18
2.782761489627181568e+18
2.983084016405149696e+18
3.030904321551315968e+18
2.983350955049383936e+18
2.799457783451835904e+18
2.839522038766475776e+18
2.795103440240548864e+18
2.733243641064804864e+18
2.690043898219071488e+18
2.710431103487967232e+18
2.787490138833909760e+18
2.649520615145806848e+18
2.600221643407083008e+18
2.546538602414862336e+18
2.465191844844559872e+18
2.577600424115512832e+18
2.544002522164659712e+18
2.580749008065477120e+18
2.400258357123235328e+18
2.384295235486095872e+18
2.319986395679270400e+18
2.340261796391572480e+18
2.254654437719126528e+18
2.372460805493095424e+18
2.499277722001521152e+18
2.448938326068849664e+18
2.409224072391985152e+18
2.637955052762592768e+18
2.132368470106081536e+18
2.119574800345797120e+18
2.091364346527352832e+18
1.995967219091622656e+18
2.044324958183881728e+18
2.005257999675630848e+18
2.115749675787638272e+18
1.970554146848204288e+18
2.001606783083928320e+18
1.927775383165037824e+18
2.632114672983560192e+18
2.206768753339727104e+18
2.151816323123380224e+18
1.977680098516522752e+18
2.161380004528752896e+18
2.143165973603830784e+18
2.057319917745151232e+18
2.052396306279910912e+18
1.988584934094172160e+18
2.274954926052885248e+18
2.187404406085961472e+18
2.049284648739697152e+18
2.010567620122623488e+18
1.973275937134340608e+18
1.963852583004879872e+18
2.033831610925554944e+18
2.001927924657861632e+18
1.975750000545921024e+18
1.862664055719453440e+18
1.777482962569812480e+18
1.922560521786078208e+18
2.027884064047537152e+18
1.983812017504276736e+18
2.261829214231649792e+18
2.186521626311997952e+18
1.939639409512525312e+18
1.884407986305518336e+18
1.867532958813030912e+18
1.920668931685490944e+18
1.800463382444432640e+18
1.816102593936302080e+18
1.800458366701180416e+18
1.752855063751368192e+18
1.687697412481534464e+18
1.748414502924634368e+18
1.724468135613320960e+18
1.727582010305152256e+18
1.712743188426615296e+18
1.742453168130614016e+18
1.712701240876319744e+18
1.781076868681769216e+18
1.794478512310436096e+18
1.705243783455620864e+18
1.804349800467873792e+18
1.619196803237342976e+18
1.647222491012238080e+18
1.728503071897516032e+18
1.624995323378804480e+18
1.681500364741299712e+18
1.553915187108830720e+18
1.607997533485802752e+18
1.551945904825901568e+18
1.558878769749860608e+18
1.541638880718827264e+18
1.495354699386627072e+18
1.600175345222836736e+18
1.507021437139919872e+18
1.432831063198504192e+18
1.388075325170418432e+18
1.368008137285201664e+18
1.468771130608774400e+18
1.388901165730945536e+18
1.331114176590755840e+18
1.377321783690809344e+18
1.359398023324596480e+18
1.438345613656875264e+18
1.285448887512331776e+18
1.314898122027391744e+18
1.274206363430718720e+18
1.285182387245200384e+18
1.240084870062849536e+18
1.247243873403719936e+18
1.237183547988272384e+18
1.247087313894751488e+18
1.221365777028696320e+18
1.226739139703771904e+18
1.263323560808954368e+18
1.207976565922672640e+18
1.196074333375937280e+18
1.195148461943933440e+18
1.161459109807367424e+18
1.168805229207109632e+18
1.168777267069269504e+18
1.132808063641163776e+18
1.084079469029888128e+18
1.115322285947698688e+18
1.056930115454580096e+18
1.055620533373798656e+18
1.023019964885362304e+18
1.039916119374385536e+18
1.029529771597974272e+18
1.031212450298570752e+18
1.018862744037056256e+18
9.907677595144551680e+17
9.860835597834769920e+17
9.847418823821525760e+17
1.135448849665209728e+18
9.520932409730572800e+17
9.829848027279511040e+17
9.677292788406503680e+17
1.005557099951739008e+18
9.452229526465342720e+17
9.292111499574923520e+17
9.291675506916686080e+17
9.278814112884316160e+17
9.065422949797184000e+17
8.976080336862759680e+17
8.836478570051758080e+17
8.700680129360605440e+17
8.873323964911356160e+17
8.583312755042272000e+17
8.516992656421674240e+17
8.342756081777166080e+17
8.418907986204131840e+17
8.347178729124614400e+17
8.241745379158119680e+17
8.110563108778348800e+17
8.060508751770823680e+17
7.866143740085295360e+17
7.903412155562903040e+17
7.669664450181113600e+17
7.709088930313912320e+17
7.761536520754599680e+17
7.521997261905831680e+17
7.333422405061007360e+17
7.180537045999549440e+17
6.999990029771139840e+17
6.923444765322283520e+17
7.112687784942576640e+17
6.985958468320426240e+17
6.855416457470892800e+17
6.774737136945140480e+17
6.700722359883453440e+17
6.545311196482745600e+17
6.535991015736851200e+17
6.330891835664198400e+17
6.420263825638279680e+17
6.249055047088445440e+17
6.165467453826727680e+17
6.022268705307301120e+17
6.009812814611527680e+17
6.108317115020084480e+17
5.885057318674327040e+17
5.766438760473752320e+17
5.685193029732972800e+17
5.616170961576481920e+17
5.517563221769075840e+17
5.515615031349565440e+17
5.430201785393398400e+17
5.495620492971179520e+17
5.304818712928951040e+17
5.185144282911271680e+17
5.145674784983606400e+17
4.984868242236426880e+17
4.969281160817422720e+17
4.968075753965753600e+17
4.890031953427576320e+17
4.883022747284750720e+17
4.727576953765603840e+17
4.679117706608729600e+17
4.626768898387208960e+17
4.508196623223580160e+17
4.474617699777971200e+17
4.415869170973969920e+17
4.395453921382184960e+17
4.293963975353383040e+17
4.278013469307374720e+17
4.141021651159209600e+17
4.085351194185182720e+17
4.012642501467271680e+17
3.991831269404818560e+17
3.953145166723517440e+17
3.850307780686444160e+17
3.828856365936481920e+17
3.776227235061644160e+17
3.690728884071909760e+17
3.682389184659726080e+17
3.607488515855292800e+17
3.561449237487818880e+17
3.487305158859125120e+17
3.380487215689802880e+17
3.323788774381403520e+17
3.341440963799066880e+17
3.276196741305211520e+17
3.192459552268209280e+17
3.153586920762373760e+17
3.073821426878190080e+17
3.015838509412637440e+17
2.948902858298154880e+17
2.904597494753058560e+17
2.876439681323448640e+17
2.816086222365989120e+17
2.794583109344435520e+17
2.749477012604569920e+17
2.672042892684894720e+17
2.640616469111134080e+17
2.599685806463795520e+17
2.548719045204986880e+17
2.512740147721061760e+17
2.453090960236644160e+17
2.410191320767111040e+17
2.382850680578127360e+17
2.312907444014252800e+17
2.261341005752364160e+17
2.235796584102731200e+17
2.175951985313961280e+17
2.136496143230290880e+17
2.097481795052675200e+17
2.074775231911636160e+17
1.989647216563930560e+17
1.953015257160755200e+17
1.915676849619658560e+17
1.887770871964481920e+17
1.850230712487602880e+17
1.800743566854477440e+17
1.765695856318563520e+17
1.716968563741161280e+17
1.656527332649990400e+17
1.641459244445818240e+17
1.575253836096835840e+17
1.569993468144625280e+17
1.540894829535309760e+17
1.493348448779965440e+17
1.468428048993992000e+17
1.425710197672529280e+17
1.395431740648840000e+17
1.351952586840673600e+17
1.316394980201189760e+17
1.291575712930461760e+17
1.255075711711372800e+17
1.223475441252143520e+17
1.190658687765532800e+17
1.165879500794085760e+17
1.128670672671584960e+17
1.118452023544469280e+17
1.075515267656872480e+17
1.046012763038529440e+17
1.018885420896205600e+17
9.871585048829579200e+16
9.585564778756956800e+16
9.353648809611990400e+16
9.085002190938230400e+16
8.796516170914894400e+16
8.546030343156148800e+16
8.280212802559184000e+16
8.036496075313868800e+16
7.930188248043683200e+16
7.543928875478763200e+16
7.339817365549584000e+16
7.180983415282956000e+16
6.833670628699127200e+16
6.736851116199236800e+16
6.479247395591117600e+16
6.247910927773840800e+16
6.068997391761709600e+16
5.864783576888144000e+16
5.694768419223993600e+16
5.477339320148162400e+16
5.292008362946521600e+16
5.137512716157481600e+16
4.978532626471781600e+16
4.762189813556472000e+16
4.667599489153665600e+16
4.457995845149507200e+16
4.329273845539272000e+16
4.160522110773281600e+16
3.983938379336504000e+16
3.885576949951420000e+16
3.759785567018716800e+16
3.581859845013958800e+16
3.454006646053095600e+16
3.309946056343216000e+16
3.169576565624157600e+16
3.078611501734866400e+16
2.955850391480924800e+16
2.798177971063015600e+16
2.727071213772339200e+16
2.629908153398229600e+16
2.514212199224572400e+16
2.416954761748861600e+16
2.311611070702767200e+16
2.202155986153009200e+16
2.119326453016407200e+16
2.046227946017512000e+16
1.946412597990547200e+16
1.863454112382183200e+16
1.797946961709939200e+16
1.726247882306478000e+16
1.651254278781669600e+16
1.576909313245830400e+16
1.517524542155808600e+16
1.448304952263782200e+16
1.402563554703151400e+16
1.342684867188563000e+16
1.294370866606304800e+16
1.228226919085504200e+16
1.177551331074334800e+16
1.121109991284574200e+16
1.061277789781920800e+16
1.027175561729521000e+16
9.824990136127788000e+15
9.422799619921152000e+15
8.861867462491417000e+15
8.489058202005827000e+15
8.186957458170140000e+15
7.793929887141519000e+15
7.547660588456996000e+15
7.083549208456554000e+15
6.880717565050669000e+15
6.446474249142125000e+15
6.183064845171853000e+15
6.041804042654327000e+15
5.701255829861101000e+15
5.479580025946887000e+15
5.234742636333619000e+15
4.983579960917549000e+15
4.742339911044901000e+15
4.530261664149926000e+15
4.369568083786063000e+15
4.086770693695109500e+15
3.994940418944551000e+15
3.781526749562901000e+15
3.602354252963132500e+15
3.449371456760278500e+15
3.403117159198564000e+15
3.180554210574864500e+15
3.033999398837281000e+15
2.881237916734012000e+15
2.750880952627092000e+15
2.640203121691206000e+15
2.538927954027380500e+15
2.422620984498352500e+15
2.322793461216953000e+15
2.194031090561705000e+15
2.106804367161719000e+15
2.027569491977651000e+15
1.940737909439714000e+15
1.875228274426656000e+15
1.757295518942373250e+15
1.685731252514136250e+15
1.607270341408273500e+15
1.538795022771739750e+15
1.485401655372533000e+15
1.410493321929057500e+15
1.342069429724927000e+15
1.282775021316538750e+15
1.259931066884090750e+15
1.202698607776691000e+15
1.148523204358596500e+15
1.097395498323165375e+15
1.062764085388456250e+15
1.000460814400979625e+15
9.541919559095010000e+14
9.328372617283291250e+14
8.866011410294970000e+14
8.433049392118397500e+14
8.186775160775908750e+14
7.754696686363868750e+14
7.441955106694370000e+14
7.088952472432456250e+14
6.777172918179262500e+14
6.630851434947126250e+14
6.148842426338125000e+14
6.061202991123936250e+14
5.699535695355102500e+14
5.514766546051406250e+14
5.418806813221615000e+14
5.191579954164809375e+14
5.068929095064650625e+14
4.737410504098704375e+14
4.476378737081275000e+14
4.264703633870451875e+14
4.132755408057736250e+14
3.998672545980376250e+14
3.737628606975208125e+14
3.570064330916147500e+14
3.433882945037743125e+14
3.386764647827228125e+14
3.259226890559438750e+14
3.092809045639775000e+14
2.916637816384765000e+14
2.772902404390901250e+14
2.686307884233540312e+14
2.590630280194203750e+14
2.529353868564454375e+14
2.451658020370127500e+14
2.331108506113118438e+14
2.202400497075773438e+14
2.058922883982556250e+14
1.966286715607010625e+14
1.892500221603306875e+14
1.856419536731649062e+14
1.753950194730958438e+14
1.703591674730822500e+14
1.636606107994054062e+14
1.581379537664808750e+14
1.502827524345202812e+14
1.437978198909063750e+14
1.397185395525193594e+14
1.325600696447425469e+14
1.276636414413948594e+14
1.202644178454399062e+14
1.165386046782777188e+14
1.183342592469100938e+14
1.088387065773485781e+14
1.061363363080213906e+14
9.926682031659768750e+13
9.404385029520165625e+13
9.315264534430276562e+13
8.833513906598137500e+13
8.499834446225220312e+13
8.212870538358104688e+13
7.567010905150743750e+13
7.254940469819909375e+13
6.905845576612991406e+13
6.763093139164027344e+13
6.796670822198654688e+13
6.310192972657666406e+13
6.168385621451283594e+13
5.878300014298955469e+13
5.661925656029675781e+13
5.518283174672819531e+13
5.099612822578001562e+13
4.857293269065935938e+13
4.800328627322803125e+13
4.522405767579277344e+13
4.248114143787202344e+13
4.180197840433854688e+13
4.196075843348614062e+13
3.855554846953448438e+13
3.848863570354617188e+13
3.591520713063132812e+13
3.567437568706235156e+13
3.359852693245021875e+13
3.150606573629962500e+13
3.029259310168290625e+13
2.911991059664101953e+13
2.771886465656419922e+13
2.674649316505560938e+13
2.461129419532255078e+13
2.358263355685312109e+13
2.352909606103085547e+13
2.248704595506324609e+13
2.104086422692476953e+13
2.099905192557528125e+13
1.969108306517160547e+13
1.896155320759243359e+13
1.795750548619775000e+13
1.753420033022400391e+13
1.685119470801282422e+13
1.618857877111005469e+13
1.486082759075683594e+13
1.467875957464205859e+13
1.459356678190736133e+13
1.392638114057593945e+13
1.312333762075282812e+13
1.401770203493866797e+13
1.198681226677425391e+13
1.166149733529617383e+13
1.131325616945262695e+13
1.061944630623595117e+13
1.000618527478102734e+13
9.846535868294343750e+12
1.015008849449414844e+13
9.260267402406642578e+12
9.169868544892521484e+12
8.530890635165820312e+12
7.894701472372546875e+12
7.697293078987571289e+12
7.267071793296247070e+12
6.750987722691282227e+12
7.035085898786436523e+12
6.354378799349675781e+12
6.151294259107976562e+12
5.956592792392943359e+12
5.667752877708726562e+12
5.539393074137034180e+12
5.200466592764646484e+12
5.066504841620784180e+12
4.939095138717052734e+12
4.750280350295189453e+12
4.456076069383243164e+12
4.363942287676771484e+12
4.183896068164556152e+12
4.110064130322071289e+12
3.711183550013514648e+12
3.993429278962114258e+12
3.680102272680458984e+12
3.410031347034143066e+12
3.116723748335052734e+12
3.211688535535436523e+12
2.913519838086644043e+12
2.854873241153051270e+12
2.706233951984908691e+12
2.623559605504055664e+12
2.622233957215787109e+12
2.581710559372728516e+12
2.391170380225536621e+12
2.630195087019018066e+12
2.489144851873395020e+12
2.177365816800475586e+12
1.968035289124401611e+12
1.917451245445111572e+12
1.822549804586147461e+12
1.724766868611291016e+12
1.662089334837807373e+12
1.544771737058072266e+12
1.606325082260209961e+12
1.553978570597672607e+12
1.455730193592593750e+12
1.390094759038723389e+12
1.332092716799041992e+12
1.260868447941127686e+12
1.275751316769844238e+12
1.181406939210423828e+12
1.242134878979180176e+12
1.102791550224471191e+12
1.061156837052664551e+12
9.651623838770397949e+11
9.727265150065906982e+11
9.060104039250355225e+11
9.206593233236783447e+11
8.987637958851796875e+11
8.164267370192977295e+11
8.051682574220485840e+11
7.172668171452590332e+11
7.358317282506727295e+11
7.205541676159711914e+11
6.660664024365565186e+11
6.911409895952924805e+11
6.139891333839046631e+11
5.768581290532116699e+11
5.303801635642575073e+11
5.237687911060462036e+11
5.034232695898549805e+11
5.230613557725001221e+11
4.957148370772617798e+11
5.022248506451054077e+11
4.579704812729928589e+11
4.116081515109296265e+11
4.154339672996172485e+11
3.691333293107055664e+11
3.766630264339726562e+11
3.855204600618602295e+11
3.667929955370944214e+11
3.316202917214807129e+11
3.196449826686616211e+11
3.051557605225321655e+11
2.810743524574319458e+11
2.655975975189545898e+11
2.880911378256804810e+11
2.525665670590427246e+11
2.435957944833615112e+11
2.590565330154143372e+11
2.235906384810395813e+11
2.130679305687229614e+11
2.204937424646474609e+11
1.987461081433176270e+11
1.834808700032568054e+11
1.745223004888463745e+11
1.617310688393473511e+11
1.607455506996679688e+11
1.521505351404031372e+11
1.437428076502689819e+11
1.454956703324055786e+11
1.412060752847951965e+11
1.461358359889446411e+11
1.376268543618287354e+11
1.383971811669924316e+11
1.439277273912230835e+11
1.380501791614905701e+11
1.184960084697335663e+11
1.147283585505812225e+11
1.102841543420766602e+11
1.148158876268269196e+11
1.081726910520203400e+11
9.833061411475500488e+10
9.230999492108952332e+10
7.962295003608958435e+10
8.779002596984991455e+10
7.807986198321052551e+10
7.961643346651768494e+10
7.315014067479689026e+10
9.372133709721040344e+10
6.816245560251470947e+10
7.291347609343920898e+10
7.278191475711866760e+10
6.319481685450212860e+10
5.946907339599658203e+10
6.056032028488800812e+10
4.912737054972131348e+10
5.281082203599513245e+10
5.024850786886907196e+10
5.528329812696778107e+10
4.950942416811263275e+10
4.515032366574687958e+10
4.808769389040539551e+10
4.277481868639038086e+10
3.774021917091044617e+10
4.046903423249329376e+10
3.602234566237638092e+10
3.224341221744176865e+10
3.044849554229650497e+10
2.916685258714934158e+10
2.533996478446556854e+10
2.507023972586757660e+10
3.071735055856081390e+10
2.634355957175191879e+10
2.542566304935370636e+10
2.143538048221625137e+10
2.080709822284336853e+10
2.321454135727164459e+10
1.931414717521294785e+10
1.791884083007877731e+10
1.737892878972323608e+10
1.797825980688756943e+10
1.793586826908068085e+10
1.433013069553650856e+10
1.429053569889147949e+10
1.339928186436215973e+10
1.341232627516542435e+10
1.383482567491253281e+10
1.223078790475724030e+10
1.227784637631618309e+10
1.205778177933021164e+10
1.328001455010402298e+10
1.244122126241452789e+10
9.774416545763563156e+09
1.023034460370446205e+10
8.858534585344274521e+09
8.794401192876281738e+09
1.046174095193854141e+10
7.163676571132216454e+09
6.368161433058877945e+09
6.477151563229235649e+09
6.458953765071990967e+09
6.609938404225473404e+09
6.379368398163851738e+09
5.867745227119386673e+09
5.575759186138943672e+09
5.708717946034512520e+09
5.117917709071365356e+09
4.729460283750971794e+09
5.531626595119918823e+09
4.714506092813707352e+09
3.750345466969801426e+09
4.164601964037771702e+09
2.711899891028779030e+09
1.291716075809584236e+10
7.684129320176978111e+09
2.462911836466207981e+09
2.314153402644770145e+09
2.267858992696108341e+09
3.067503213773405075e+09
1.744241527580611706e+09
1.984980786934186935e+09
7.812303641301009655e+08
3.070344653208706379e+08
3.390361803680707216e+08
4.608008959651205540e+08
3.273899949287325740e+08
2.640908565914609730e+08
3.063672007515465021e+08
4.415580476671478152e+08
3.189480229254137874e+08
8.564426646803857088e+08
2.120220041865605708e-21
2.315055891167116432e-21
2.448910309532659163e-21
2.193731955804073677e-21
1.834286269714132519e-21
1.663397067177720696e-21
1.552323838595381358e-21
1.590885359062168511e-21
1.349125100498272529e-21
1.312075743231646782e-21
1.230921899212694217e-21
1.171869501581133587e-21
1.099577814017184404e-21
1.065128499830103626e-21
1.062672405002781567e-21
1.670584693259728033e-21
1.131746399900496782e-21
1.049397972711215448e-21
1.083210623893128310e-21
1.096844955207962637e-21
1.076896619873563902e-21
9.840181233774889805e-22
8.680968826599961714e-22
8.766661473055599282e-22
8.204989571606242538e-22
8.061640846423780849e-22
7.947283502541228664e-22
8.143422821751309614e-22
7.875183020758641632e-22
9.374055346674932290e-22
7.622779195065599611e-22
7.597798265857824144e-22
8.231502569640202489e-22
7.316364032580288071e-22
1.487926501951417951e-21
7.091054474903609397e-22
6.477586945924031782e-22
8.870420524000134854e-22
8.221198767358128688e-22
8.662276846569018363e-22
8.624427733615996236e-22
8.553333559468201106e-22
9.905269353164362040e-22
8.114609101965077679e-22
7.483415710108570935e-22
6.883726440904531470e-22
6.302428975008791445e-22
6.298593001031571996e-22
1.079155561665159573e-21
8.091354684127899387e-22
7.282131286278293488e-22
5.756367833102376668e-22
5.306501979044048321e-22
5.763649141434283479e-22
4.190789571670450802e-22
4.049512714782671702e-22
3.940983516450734141e-22
3.989785230781073974e-22
3.614250431945434400e-22
3.437503600047500776e-22
3.375350455651645074e-22
3.325022912892126616e-22
3.334698536757741991e-22
3.329093420326038466e-22
9.392197255627284462e-22
2.566686267489173073e-22
2.509611274864788170e-22
2.446080248289929589e-22
2.340632676002788284e-22
2.311210671085327283e-22
2.280774921416337185e-22
2.332579995822487501e-22
3.256529781100002776e-22
2.770073426299680175e-22
3.491173829217694043e-22
3.820256647447028016e-22
4.387402776141830484e-22
3.538907916147181548e-22
3.019114729950107845e-22
2.807181853688237777e-22
2.625455009143754860e-22
2.523561974667857789e-22
3.264935331911829813e-22
2.850057519047328852e-22
2.718861002929551764e-22
2.700992021019928839e-22
4.013156951751524036e-22
3.657070919521211060e-22
2.317720785906583066e-22
2.411531449630978798e-22
2.050473237190343997e-22
2.160997228408811913e-22
1.859947545455815613e-22
1.746747254508281359e-22
1.433962200175853999e-22
1.391775651195522340e-22
1.358312162708509215e-22
1.322990524881445131e-22
1.305161114964792176e-22
1.268820254997634711e-22
1.300370620663601354e-22
1.246785922120489807e-22
1.079031013440316200e-22
1.095209792332453621e-22
2.325995021874743514e-22
1.459624576469208826e-22
1.281070594837677644e-22
1.193500056787134164e-22
1.131025548515500886e-22
1.091697320737691670e-22
1.076914620883874963e-22
1.079386994639909961e-22
8.965799939733773862e-23
8.777630733244032515e-23
8.881134184284030547e-23
7.959642653621882143e-23
7.785182798026769675e-23
7.668748860919305490e-23
7.713013781856979739e-23
7.003325627489861927e-23
6.832026850627239643e-23
7.008340241072183878e-23
6.353771104804220744e-23
6.294215880277872814e-23
6.284679777268796416e-23
6.380256141558778019e-23
6.889309797731689748e-23
5.246879458562637634e-23
5.210514665377520122e-23
5.214051331488296923e-23
5.304624643442327339e-23
5.783617885468089849e-23
4.666241435684945197e-23
4.686954468250568570e-23
4.938154611138322343e-23
5.707848220022480479e-23
3.521204465957711631e-23
3.322222384911743036e-23
3.293916832763122651e-23
3.277147109176633551e-23
3.307739221782735940e-23
3.439929837467170723e-23
2.695011446617286948e-23
2.650967763557069017e-23
2.612085248487602572e-23
2.583244075892574081e-23
2.603043521598709875e-23
2.499920077070884847e-23
2.476017032292597198e-23
2.477586907153990227e-23
2.489124789870049101e-23
2.827914538458188956e-23
2.177038520298186096e-23
2.156567698784476411e-23
2.140224872504866721e-23
2.128409168840192061e-23
2.122418052373525521e-23
2.123568161210137467e-23
2.134470852197647800e-23
2.160590397896553061e-23
2.202860822223847883e-23
2.208258152601403771e-23
2.354116486267661253e-23
2.042320873280033421e-23
2.180836687714238215e-23
1.918046054798440285e-23
2.197543893362274328e-23
1.962914110670983741e-23
2.124506506197180205e-23
2.451262337227096657e-23
3.872761671564624118e-23
2.730590618356472435e-23
2.163391186180373934e-23
6.947528302407193972e-24
8.099748380616667547e-24
7.148323955246449710e-24
9.121991664238720830e-24
3.997430111084630391e-24
3.940176695214478815e-24
3.886703924487701369e-24
3.837340610821269928e-24
3.794864722959990566e-24
3.747110520290131770e-24
3.709802395128949416e-24
3.677364966794622728e-24
3.650233841942783054e-24
3.629127565995690137e-24
3.614669291002088739e-24
3.608355713030789065e-24
3.611754464802663012e-24
3.627043955575327881e-24
3.658558116389014145e-24
3.713039647082337269e-24
3.804937768019040423e-24
3.976380931706570874e-24
4.571365639223854322e-24
3.796534737073020654e-24
3.927378462201763384e-24
4.317236711632743427e-24
5.313568943794897475e-24
2.449914820440176981e-24
3.081464069722190187e-24
1.944855431383377437e-24
2.072506915913992485e-24
2.915330373065645799e-24
1.652127538120030781e-24
1.695394619878851241e-24
1.771443493387923387e-24
1.966798516262419903e-24
1.659560091851654396e-24
1.737686469311681708e-24
1.856333902950167003e-24
1.973618858952503303e-24
2.231943263508735493e-24
2.765455404451428432e-24
6.063855903950995836e-24
2.963795499236761734e-24
5.686016532527980333e-25
2.536161254926192369e-25
2.732789613890243785e-25
2.827641609408095271e-25
2.561747095171428172e-25
2.710937600496485114e-25
2.930506941369538057e-25
3.267534236146623570e-25
3.852783679294969805e-25
5.188381131270165137e-25
2.017171252289136124e-24
3.374417228059140669e-27
3.513721767209649185e-27
3.735279919658811306e-27
4.201103865193283891e-27
3.223614770656629400e-27
3.550534274461646640e-27
3.567940032072144769e-27
3.988631000117191514e-27
4.723346031683356992e-27
6.430609293940607352e-27
1.801360101830550160e-25
0.000000000000000000e+00
0.000000000000000000e+00
0.000000000000000000e+00
0.000000000000000000e+00
0.000000000000000000e+00
0.000000000000000000e+00
0.000000000000000000e+00
0.000000000000000000e+00
0.000000000000000000e+00
0.000000000000000000e+00
0.000000000000000000e+00
0.000000000000000000e+00
0.000000000000000000e+00
0.000000000000000000e+00
0.000000000000000000e+00
0.000000000000000000e+00
0.000000000000000000e+00
0.000000000000000000e+00
0.000000000000000000e+00
0.000000000000000000e+00
0.000000000000000000e+00
0.000000000000000000e+00
0.000000000000000000e+00
0.000000000000000000e+00
0.000000000000000000e+00
0.000000000000000000e+00
0.000000000000000000e+00
0.000000000000000000e+00
0.000000000000000000e+00
0.000000000000000000e+00
0.000000000000000000e+00
0.000000000000000000e+00
0.000000000000000000e+00
0.000000000000000000e+00
0.000000000000000000e+00
0.000000000000000000e+00
0.000000000000000000e+00
0.000000000000000000e+00
0.000000000000000000e+00
0.000000000000000000e+00
0.000000000000000000e+00
0.000000000000000000e+00
0.000000000000000000e+00
0.000000000000000000e+00
0.000000000000000000e+00
0.000000000000000000e+00
0.000000000000000000e+00
0.000000000000000000e+00
0.000000000000000000e+00
0.000000000000000000e+00
0.000000000000000000e+00
0.000000000000000000e+00
0.000000000000000000e+00
0.000000000000000000e+00
0.000000000000000000e+00
0.000000000000000000e+00
0.000000000000000000e+00
0.000000000000000000e+00
0.000000000000000000e+00
0.000000000000000000e+00
0.000000000000000000e+00
0.000000000000000000e+00
0.000000000000000000e+00
0.000000000000000000e+00
0.000000000000000000e+00
0.000000000000000000e+00
0.000000000000000000e+00
0.000000000000000000e+00
0.000000000000000000e+00
0.000000000000000000e+00
0.000000000000000000e+00
0.000000000000000000e+00
0.000000000000000000e+00
0.000000000000000000e+00
0.000000000000000000e+00
0.000000000000000000e+00
0.000000000000000000e+00
0.000000000000000000e+00
0.000000000000000000e+00
0.000000000000000000e+00
0.000000000000000000e+00
0.000000000000000000e+00
0.000000000000000000e+00
0.000000000000000000e+00
0.000000000000000000e+00
0.000000000000000000e+00
0.000000000000000000e+00
0.000000000000000000e+00
0.000000000000000000e+00
0.000000000000000000e+00
0.000000000000000000e+00
0.000000000000000000e+00
0.000000000000000000e+00
0.000000000000000000e+00
0.000000000000000000e+00
0.000000000000000000e+00
0.000000000000000000e+00
0.000000000000000000e+00
0.000000000000000000e+00
0.000000000000000000e+00
0.000000000000000000e+00
0.000000000000000000e+00
0.000000000000000000e+00
0.000000000000000000e+00
0.000000000000000000e+00
0.000000000000000000e+00
0.000000000000000000e+00
0.000000000000000000e+00
0.000000000000000000e+00
0.000000000000000000e+00
0.000000000000000000e+00
0.000000000000000000e+00
0.000000000000000000e+00
0.000000000000000000e+00
0.000000000000000000e+00
0.000000000000000000e+00
0.000000000000000000e+00
0.000000000000000000e+00
0.000000000000000000e+00
0.000000000000000000e+00
0.000000000000000000e+00
0.000000000000000000e+00
0.000000000000000000e+00
0.000000000000000000e+00
0.000000000000000000e+00
0.000000000000000000e+00
0.000000000000000000e+00
0.000000000000000000e+00
0.000000000000000000e+00
0.000000000000000000e+00
0.000000000000000000e+00
